2 1 2001
-543 -757
6003
1 1 1
1 2 1
2 2 1
1 1 2
1 2 2
2 2 2
1 1 3
1 2 3
2 2 3
1 1 4
1 2 4
2 2 4
1 1 5
1 2 5
2 2 5
1 1 6
1 2 6
2 2 6
1 1 7
1 2 7
2 2 7
1 1 8
1 2 8
2 2 8
1 1 9
1 2 9
2 2 9
1 1 10
1 2 10
2 2 10
1 1 11
1 2 11
2 2 11
1 1 12
1 2 12
2 2 12
1 1 13
1 2 13
2 2 13
1 1 14
1 2 14
2 2 14
1 1 15
1 2 15
2 2 15
1 1 16
1 2 16
2 2 16
1 1 17
1 2 17
2 2 17
1 1 18
1 2 18
2 2 18
1 1 19
1 2 19
2 2 19
1 1 20
1 2 20
2 2 20
1 1 21
1 2 21
2 2 21
1 1 22
1 2 22
2 2 22
1 1 23
1 2 23
2 2 23
1 1 24
1 2 24
2 2 24
1 1 25
1 2 25
2 2 25
1 1 26
1 2 26
2 2 26
1 1 27
1 2 27
2 2 27
1 1 28
1 2 28
2 2 28
1 1 29
1 2 29
2 2 29
1 1 30
1 2 30
2 2 30
1 1 31
1 2 31
2 2 31
1 1 32
1 2 32
2 2 32
1 1 33
1 2 33
2 2 33
1 1 34
1 2 34
2 2 34
1 1 35
1 2 35
2 2 35
1 1 36
1 2 36
2 2 36
1 1 37
1 2 37
2 2 37
1 1 38
1 2 38
2 2 38
1 1 39
1 2 39
2 2 39
1 1 40
1 2 40
2 2 40
1 1 41
1 2 41
2 2 41
1 1 42
1 2 42
2 2 42
1 1 43
1 2 43
2 2 43
1 1 44
1 2 44
2 2 44
1 1 45
1 2 45
2 2 45
1 1 46
1 2 46
2 2 46
1 1 47
1 2 47
2 2 47
1 1 48
1 2 48
2 2 48
1 1 49
1 2 49
2 2 49
1 1 50
1 2 50
2 2 50
1 1 51
1 2 51
2 2 51
1 1 52
1 2 52
2 2 52
1 1 53
1 2 53
2 2 53
1 1 54
1 2 54
2 2 54
1 1 55
1 2 55
2 2 55
1 1 56
1 2 56
2 2 56
1 1 57
1 2 57
2 2 57
1 1 58
1 2 58
2 2 58
1 1 59
1 2 59
2 2 59
1 1 60
1 2 60
2 2 60
1 1 61
1 2 61
2 2 61
1 1 62
1 2 62
2 2 62
1 1 63
1 2 63
2 2 63
1 1 64
1 2 64
2 2 64
1 1 65
1 2 65
2 2 65
1 1 66
1 2 66
2 2 66
1 1 67
1 2 67
2 2 67
1 1 68
1 2 68
2 2 68
1 1 69
1 2 69
2 2 69
1 1 70
1 2 70
2 2 70
1 1 71
1 2 71
2 2 71
1 1 72
1 2 72
2 2 72
1 1 73
1 2 73
2 2 73
1 1 74
1 2 74
2 2 74
1 1 75
1 2 75
2 2 75
1 1 76
1 2 76
2 2 76
1 1 77
1 2 77
2 2 77
1 1 78
1 2 78
2 2 78
1 1 79
1 2 79
2 2 79
1 1 80
1 2 80
2 2 80
1 1 81
1 2 81
2 2 81
1 1 82
1 2 82
2 2 82
1 1 83
1 2 83
2 2 83
1 1 84
1 2 84
2 2 84
1 1 85
1 2 85
2 2 85
1 1 86
1 2 86
2 2 86
1 1 87
1 2 87
2 2 87
1 1 88
1 2 88
2 2 88
1 1 89
1 2 89
2 2 89
1 1 90
1 2 90
2 2 90
1 1 91
1 2 91
2 2 91
1 1 92
1 2 92
2 2 92
1 1 93
1 2 93
2 2 93
1 1 94
1 2 94
2 2 94
1 1 95
1 2 95
2 2 95
1 1 96
1 2 96
2 2 96
1 1 97
1 2 97
2 2 97
1 1 98
1 2 98
2 2 98
1 1 99
1 2 99
2 2 99
1 1 100
1 2 100
2 2 100
1 1 101
1 2 101
2 2 101
1 1 102
1 2 102
2 2 102
1 1 103
1 2 103
2 2 103
1 1 104
1 2 104
2 2 104
1 1 105
1 2 105
2 2 105
1 1 106
1 2 106
2 2 106
1 1 107
1 2 107
2 2 107
1 1 108
1 2 108
2 2 108
1 1 109
1 2 109
2 2 109
1 1 110
1 2 110
2 2 110
1 1 111
1 2 111
2 2 111
1 1 112
1 2 112
2 2 112
1 1 113
1 2 113
2 2 113
1 1 114
1 2 114
2 2 114
1 1 115
1 2 115
2 2 115
1 1 116
1 2 116
2 2 116
1 1 117
1 2 117
2 2 117
1 1 118
1 2 118
2 2 118
1 1 119
1 2 119
2 2 119
1 1 120
1 2 120
2 2 120
1 1 121
1 2 121
2 2 121
1 1 122
1 2 122
2 2 122
1 1 123
1 2 123
2 2 123
1 1 124
1 2 124
2 2 124
1 1 125
1 2 125
2 2 125
1 1 126
1 2 126
2 2 126
1 1 127
1 2 127
2 2 127
1 1 128
1 2 128
2 2 128
1 1 129
1 2 129
2 2 129
1 1 130
1 2 130
2 2 130
1 1 131
1 2 131
2 2 131
1 1 132
1 2 132
2 2 132
1 1 133
1 2 133
2 2 133
1 1 134
1 2 134
2 2 134
1 1 135
1 2 135
2 2 135
1 1 136
1 2 136
2 2 136
1 1 137
1 2 137
2 2 137
1 1 138
1 2 138
2 2 138
1 1 139
1 2 139
2 2 139
1 1 140
1 2 140
2 2 140
1 1 141
1 2 141
2 2 141
1 1 142
1 2 142
2 2 142
1 1 143
1 2 143
2 2 143
1 1 144
1 2 144
2 2 144
1 1 145
1 2 145
2 2 145
1 1 146
1 2 146
2 2 146
1 1 147
1 2 147
2 2 147
1 1 148
1 2 148
2 2 148
1 1 149
1 2 149
2 2 149
1 1 150
1 2 150
2 2 150
1 1 151
1 2 151
2 2 151
1 1 152
1 2 152
2 2 152
1 1 153
1 2 153
2 2 153
1 1 154
1 2 154
2 2 154
1 1 155
1 2 155
2 2 155
1 1 156
1 2 156
2 2 156
1 1 157
1 2 157
2 2 157
1 1 158
1 2 158
2 2 158
1 1 159
1 2 159
2 2 159
1 1 160
1 2 160
2 2 160
1 1 161
1 2 161
2 2 161
1 1 162
1 2 162
2 2 162
1 1 163
1 2 163
2 2 163
1 1 164
1 2 164
2 2 164
1 1 165
1 2 165
2 2 165
1 1 166
1 2 166
2 2 166
1 1 167
1 2 167
2 2 167
1 1 168
1 2 168
2 2 168
1 1 169
1 2 169
2 2 169
1 1 170
1 2 170
2 2 170
1 1 171
1 2 171
2 2 171
1 1 172
1 2 172
2 2 172
1 1 173
1 2 173
2 2 173
1 1 174
1 2 174
2 2 174
1 1 175
1 2 175
2 2 175
1 1 176
1 2 176
2 2 176
1 1 177
1 2 177
2 2 177
1 1 178
1 2 178
2 2 178
1 1 179
1 2 179
2 2 179
1 1 180
1 2 180
2 2 180
1 1 181
1 2 181
2 2 181
1 1 182
1 2 182
2 2 182
1 1 183
1 2 183
2 2 183
1 1 184
1 2 184
2 2 184
1 1 185
1 2 185
2 2 185
1 1 186
1 2 186
2 2 186
1 1 187
1 2 187
2 2 187
1 1 188
1 2 188
2 2 188
1 1 189
1 2 189
2 2 189
1 1 190
1 2 190
2 2 190
1 1 191
1 2 191
2 2 191
1 1 192
1 2 192
2 2 192
1 1 193
1 2 193
2 2 193
1 1 194
1 2 194
2 2 194
1 1 195
1 2 195
2 2 195
1 1 196
1 2 196
2 2 196
1 1 197
1 2 197
2 2 197
1 1 198
1 2 198
2 2 198
1 1 199
1 2 199
2 2 199
1 1 200
1 2 200
2 2 200
1 1 201
1 2 201
2 2 201
1 1 202
1 2 202
2 2 202
1 1 203
1 2 203
2 2 203
1 1 204
1 2 204
2 2 204
1 1 205
1 2 205
2 2 205
1 1 206
1 2 206
2 2 206
1 1 207
1 2 207
2 2 207
1 1 208
1 2 208
2 2 208
1 1 209
1 2 209
2 2 209
1 1 210
1 2 210
2 2 210
1 1 211
1 2 211
2 2 211
1 1 212
1 2 212
2 2 212
1 1 213
1 2 213
2 2 213
1 1 214
1 2 214
2 2 214
1 1 215
1 2 215
2 2 215
1 1 216
1 2 216
2 2 216
1 1 217
1 2 217
2 2 217
1 1 218
1 2 218
2 2 218
1 1 219
1 2 219
2 2 219
1 1 220
1 2 220
2 2 220
1 1 221
1 2 221
2 2 221
1 1 222
1 2 222
2 2 222
1 1 223
1 2 223
2 2 223
1 1 224
1 2 224
2 2 224
1 1 225
1 2 225
2 2 225
1 1 226
1 2 226
2 2 226
1 1 227
1 2 227
2 2 227
1 1 228
1 2 228
2 2 228
1 1 229
1 2 229
2 2 229
1 1 230
1 2 230
2 2 230
1 1 231
1 2 231
2 2 231
1 1 232
1 2 232
2 2 232
1 1 233
1 2 233
2 2 233
1 1 234
1 2 234
2 2 234
1 1 235
1 2 235
2 2 235
1 1 236
1 2 236
2 2 236
1 1 237
1 2 237
2 2 237
1 1 238
1 2 238
2 2 238
1 1 239
1 2 239
2 2 239
1 1 240
1 2 240
2 2 240
1 1 241
1 2 241
2 2 241
1 1 242
1 2 242
2 2 242
1 1 243
1 2 243
2 2 243
1 1 244
1 2 244
2 2 244
1 1 245
1 2 245
2 2 245
1 1 246
1 2 246
2 2 246
1 1 247
1 2 247
2 2 247
1 1 248
1 2 248
2 2 248
1 1 249
1 2 249
2 2 249
1 1 250
1 2 250
2 2 250
1 1 251
1 2 251
2 2 251
1 1 252
1 2 252
2 2 252
1 1 253
1 2 253
2 2 253
1 1 254
1 2 254
2 2 254
1 1 255
1 2 255
2 2 255
1 1 256
1 2 256
2 2 256
1 1 257
1 2 257
2 2 257
1 1 258
1 2 258
2 2 258
1 1 259
1 2 259
2 2 259
1 1 260
1 2 260
2 2 260
1 1 261
1 2 261
2 2 261
1 1 262
1 2 262
2 2 262
1 1 263
1 2 263
2 2 263
1 1 264
1 2 264
2 2 264
1 1 265
1 2 265
2 2 265
1 1 266
1 2 266
2 2 266
1 1 267
1 2 267
2 2 267
1 1 268
1 2 268
2 2 268
1 1 269
1 2 269
2 2 269
1 1 270
1 2 270
2 2 270
1 1 271
1 2 271
2 2 271
1 1 272
1 2 272
2 2 272
1 1 273
1 2 273
2 2 273
1 1 274
1 2 274
2 2 274
1 1 275
1 2 275
2 2 275
1 1 276
1 2 276
2 2 276
1 1 277
1 2 277
2 2 277
1 1 278
1 2 278
2 2 278
1 1 279
1 2 279
2 2 279
1 1 280
1 2 280
2 2 280
1 1 281
1 2 281
2 2 281
1 1 282
1 2 282
2 2 282
1 1 283
1 2 283
2 2 283
1 1 284
1 2 284
2 2 284
1 1 285
1 2 285
2 2 285
1 1 286
1 2 286
2 2 286
1 1 287
1 2 287
2 2 287
1 1 288
1 2 288
2 2 288
1 1 289
1 2 289
2 2 289
1 1 290
1 2 290
2 2 290
1 1 291
1 2 291
2 2 291
1 1 292
1 2 292
2 2 292
1 1 293
1 2 293
2 2 293
1 1 294
1 2 294
2 2 294
1 1 295
1 2 295
2 2 295
1 1 296
1 2 296
2 2 296
1 1 297
1 2 297
2 2 297
1 1 298
1 2 298
2 2 298
1 1 299
1 2 299
2 2 299
1 1 300
1 2 300
2 2 300
1 1 301
1 2 301
2 2 301
1 1 302
1 2 302
2 2 302
1 1 303
1 2 303
2 2 303
1 1 304
1 2 304
2 2 304
1 1 305
1 2 305
2 2 305
1 1 306
1 2 306
2 2 306
1 1 307
1 2 307
2 2 307
1 1 308
1 2 308
2 2 308
1 1 309
1 2 309
2 2 309
1 1 310
1 2 310
2 2 310
1 1 311
1 2 311
2 2 311
1 1 312
1 2 312
2 2 312
1 1 313
1 2 313
2 2 313
1 1 314
1 2 314
2 2 314
1 1 315
1 2 315
2 2 315
1 1 316
1 2 316
2 2 316
1 1 317
1 2 317
2 2 317
1 1 318
1 2 318
2 2 318
1 1 319
1 2 319
2 2 319
1 1 320
1 2 320
2 2 320
1 1 321
1 2 321
2 2 321
1 1 322
1 2 322
2 2 322
1 1 323
1 2 323
2 2 323
1 1 324
1 2 324
2 2 324
1 1 325
1 2 325
2 2 325
1 1 326
1 2 326
2 2 326
1 1 327
1 2 327
2 2 327
1 1 328
1 2 328
2 2 328
1 1 329
1 2 329
2 2 329
1 1 330
1 2 330
2 2 330
1 1 331
1 2 331
2 2 331
1 1 332
1 2 332
2 2 332
1 1 333
1 2 333
2 2 333
1 1 334
1 2 334
2 2 334
1 1 335
1 2 335
2 2 335
1 1 336
1 2 336
2 2 336
1 1 337
1 2 337
2 2 337
1 1 338
1 2 338
2 2 338
1 1 339
1 2 339
2 2 339
1 1 340
1 2 340
2 2 340
1 1 341
1 2 341
2 2 341
1 1 342
1 2 342
2 2 342
1 1 343
1 2 343
2 2 343
1 1 344
1 2 344
2 2 344
1 1 345
1 2 345
2 2 345
1 1 346
1 2 346
2 2 346
1 1 347
1 2 347
2 2 347
1 1 348
1 2 348
2 2 348
1 1 349
1 2 349
2 2 349
1 1 350
1 2 350
2 2 350
1 1 351
1 2 351
2 2 351
1 1 352
1 2 352
2 2 352
1 1 353
1 2 353
2 2 353
1 1 354
1 2 354
2 2 354
1 1 355
1 2 355
2 2 355
1 1 356
1 2 356
2 2 356
1 1 357
1 2 357
2 2 357
1 1 358
1 2 358
2 2 358
1 1 359
1 2 359
2 2 359
1 1 360
1 2 360
2 2 360
1 1 361
1 2 361
2 2 361
1 1 362
1 2 362
2 2 362
1 1 363
1 2 363
2 2 363
1 1 364
1 2 364
2 2 364
1 1 365
1 2 365
2 2 365
1 1 366
1 2 366
2 2 366
1 1 367
1 2 367
2 2 367
1 1 368
1 2 368
2 2 368
1 1 369
1 2 369
2 2 369
1 1 370
1 2 370
2 2 370
1 1 371
1 2 371
2 2 371
1 1 372
1 2 372
2 2 372
1 1 373
1 2 373
2 2 373
1 1 374
1 2 374
2 2 374
1 1 375
1 2 375
2 2 375
1 1 376
1 2 376
2 2 376
1 1 377
1 2 377
2 2 377
1 1 378
1 2 378
2 2 378
1 1 379
1 2 379
2 2 379
1 1 380
1 2 380
2 2 380
1 1 381
1 2 381
2 2 381
1 1 382
1 2 382
2 2 382
1 1 383
1 2 383
2 2 383
1 1 384
1 2 384
2 2 384
1 1 385
1 2 385
2 2 385
1 1 386
1 2 386
2 2 386
1 1 387
1 2 387
2 2 387
1 1 388
1 2 388
2 2 388
1 1 389
1 2 389
2 2 389
1 1 390
1 2 390
2 2 390
1 1 391
1 2 391
2 2 391
1 1 392
1 2 392
2 2 392
1 1 393
1 2 393
2 2 393
1 1 394
1 2 394
2 2 394
1 1 395
1 2 395
2 2 395
1 1 396
1 2 396
2 2 396
1 1 397
1 2 397
2 2 397
1 1 398
1 2 398
2 2 398
1 1 399
1 2 399
2 2 399
1 1 400
1 2 400
2 2 400
1 1 401
1 2 401
2 2 401
1 1 402
1 2 402
2 2 402
1 1 403
1 2 403
2 2 403
1 1 404
1 2 404
2 2 404
1 1 405
1 2 405
2 2 405
1 1 406
1 2 406
2 2 406
1 1 407
1 2 407
2 2 407
1 1 408
1 2 408
2 2 408
1 1 409
1 2 409
2 2 409
1 1 410
1 2 410
2 2 410
1 1 411
1 2 411
2 2 411
1 1 412
1 2 412
2 2 412
1 1 413
1 2 413
2 2 413
1 1 414
1 2 414
2 2 414
1 1 415
1 2 415
2 2 415
1 1 416
1 2 416
2 2 416
1 1 417
1 2 417
2 2 417
1 1 418
1 2 418
2 2 418
1 1 419
1 2 419
2 2 419
1 1 420
1 2 420
2 2 420
1 1 421
1 2 421
2 2 421
1 1 422
1 2 422
2 2 422
1 1 423
1 2 423
2 2 423
1 1 424
1 2 424
2 2 424
1 1 425
1 2 425
2 2 425
1 1 426
1 2 426
2 2 426
1 1 427
1 2 427
2 2 427
1 1 428
1 2 428
2 2 428
1 1 429
1 2 429
2 2 429
1 1 430
1 2 430
2 2 430
1 1 431
1 2 431
2 2 431
1 1 432
1 2 432
2 2 432
1 1 433
1 2 433
2 2 433
1 1 434
1 2 434
2 2 434
1 1 435
1 2 435
2 2 435
1 1 436
1 2 436
2 2 436
1 1 437
1 2 437
2 2 437
1 1 438
1 2 438
2 2 438
1 1 439
1 2 439
2 2 439
1 1 440
1 2 440
2 2 440
1 1 441
1 2 441
2 2 441
1 1 442
1 2 442
2 2 442
1 1 443
1 2 443
2 2 443
1 1 444
1 2 444
2 2 444
1 1 445
1 2 445
2 2 445
1 1 446
1 2 446
2 2 446
1 1 447
1 2 447
2 2 447
1 1 448
1 2 448
2 2 448
1 1 449
1 2 449
2 2 449
1 1 450
1 2 450
2 2 450
1 1 451
1 2 451
2 2 451
1 1 452
1 2 452
2 2 452
1 1 453
1 2 453
2 2 453
1 1 454
1 2 454
2 2 454
1 1 455
1 2 455
2 2 455
1 1 456
1 2 456
2 2 456
1 1 457
1 2 457
2 2 457
1 1 458
1 2 458
2 2 458
1 1 459
1 2 459
2 2 459
1 1 460
1 2 460
2 2 460
1 1 461
1 2 461
2 2 461
1 1 462
1 2 462
2 2 462
1 1 463
1 2 463
2 2 463
1 1 464
1 2 464
2 2 464
1 1 465
1 2 465
2 2 465
1 1 466
1 2 466
2 2 466
1 1 467
1 2 467
2 2 467
1 1 468
1 2 468
2 2 468
1 1 469
1 2 469
2 2 469
1 1 470
1 2 470
2 2 470
1 1 471
1 2 471
2 2 471
1 1 472
1 2 472
2 2 472
1 1 473
1 2 473
2 2 473
1 1 474
1 2 474
2 2 474
1 1 475
1 2 475
2 2 475
1 1 476
1 2 476
2 2 476
1 1 477
1 2 477
2 2 477
1 1 478
1 2 478
2 2 478
1 1 479
1 2 479
2 2 479
1 1 480
1 2 480
2 2 480
1 1 481
1 2 481
2 2 481
1 1 482
1 2 482
2 2 482
1 1 483
1 2 483
2 2 483
1 1 484
1 2 484
2 2 484
1 1 485
1 2 485
2 2 485
1 1 486
1 2 486
2 2 486
1 1 487
1 2 487
2 2 487
1 1 488
1 2 488
2 2 488
1 1 489
1 2 489
2 2 489
1 1 490
1 2 490
2 2 490
1 1 491
1 2 491
2 2 491
1 1 492
1 2 492
2 2 492
1 1 493
1 2 493
2 2 493
1 1 494
1 2 494
2 2 494
1 1 495
1 2 495
2 2 495
1 1 496
1 2 496
2 2 496
1 1 497
1 2 497
2 2 497
1 1 498
1 2 498
2 2 498
1 1 499
1 2 499
2 2 499
1 1 500
1 2 500
2 2 500
1 1 501
1 2 501
2 2 501
1 1 502
1 2 502
2 2 502
1 1 503
1 2 503
2 2 503
1 1 504
1 2 504
2 2 504
1 1 505
1 2 505
2 2 505
1 1 506
1 2 506
2 2 506
1 1 507
1 2 507
2 2 507
1 1 508
1 2 508
2 2 508
1 1 509
1 2 509
2 2 509
1 1 510
1 2 510
2 2 510
1 1 511
1 2 511
2 2 511
1 1 512
1 2 512
2 2 512
1 1 513
1 2 513
2 2 513
1 1 514
1 2 514
2 2 514
1 1 515
1 2 515
2 2 515
1 1 516
1 2 516
2 2 516
1 1 517
1 2 517
2 2 517
1 1 518
1 2 518
2 2 518
1 1 519
1 2 519
2 2 519
1 1 520
1 2 520
2 2 520
1 1 521
1 2 521
2 2 521
1 1 522
1 2 522
2 2 522
1 1 523
1 2 523
2 2 523
1 1 524
1 2 524
2 2 524
1 1 525
1 2 525
2 2 525
1 1 526
1 2 526
2 2 526
1 1 527
1 2 527
2 2 527
1 1 528
1 2 528
2 2 528
1 1 529
1 2 529
2 2 529
1 1 530
1 2 530
2 2 530
1 1 531
1 2 531
2 2 531
1 1 532
1 2 532
2 2 532
1 1 533
1 2 533
2 2 533
1 1 534
1 2 534
2 2 534
1 1 535
1 2 535
2 2 535
1 1 536
1 2 536
2 2 536
1 1 537
1 2 537
2 2 537
1 1 538
1 2 538
2 2 538
1 1 539
1 2 539
2 2 539
1 1 540
1 2 540
2 2 540
1 1 541
1 2 541
2 2 541
1 1 542
1 2 542
2 2 542
1 1 543
1 2 543
2 2 543
1 1 544
1 2 544
2 2 544
1 1 545
1 2 545
2 2 545
1 1 546
1 2 546
2 2 546
1 1 547
1 2 547
2 2 547
1 1 548
1 2 548
2 2 548
1 1 549
1 2 549
2 2 549
1 1 550
1 2 550
2 2 550
1 1 551
1 2 551
2 2 551
1 1 552
1 2 552
2 2 552
1 1 553
1 2 553
2 2 553
1 1 554
1 2 554
2 2 554
1 1 555
1 2 555
2 2 555
1 1 556
1 2 556
2 2 556
1 1 557
1 2 557
2 2 557
1 1 558
1 2 558
2 2 558
1 1 559
1 2 559
2 2 559
1 1 560
1 2 560
2 2 560
1 1 561
1 2 561
2 2 561
1 1 562
1 2 562
2 2 562
1 1 563
1 2 563
2 2 563
1 1 564
1 2 564
2 2 564
1 1 565
1 2 565
2 2 565
1 1 566
1 2 566
2 2 566
1 1 567
1 2 567
2 2 567
1 1 568
1 2 568
2 2 568
1 1 569
1 2 569
2 2 569
1 1 570
1 2 570
2 2 570
1 1 571
1 2 571
2 2 571
1 1 572
1 2 572
2 2 572
1 1 573
1 2 573
2 2 573
1 1 574
1 2 574
2 2 574
1 1 575
1 2 575
2 2 575
1 1 576
1 2 576
2 2 576
1 1 577
1 2 577
2 2 577
1 1 578
1 2 578
2 2 578
1 1 579
1 2 579
2 2 579
1 1 580
1 2 580
2 2 580
1 1 581
1 2 581
2 2 581
1 1 582
1 2 582
2 2 582
1 1 583
1 2 583
2 2 583
1 1 584
1 2 584
2 2 584
1 1 585
1 2 585
2 2 585
1 1 586
1 2 586
2 2 586
1 1 587
1 2 587
2 2 587
1 1 588
1 2 588
2 2 588
1 1 589
1 2 589
2 2 589
1 1 590
1 2 590
2 2 590
1 1 591
1 2 591
2 2 591
1 1 592
1 2 592
2 2 592
1 1 593
1 2 593
2 2 593
1 1 594
1 2 594
2 2 594
1 1 595
1 2 595
2 2 595
1 1 596
1 2 596
2 2 596
1 1 597
1 2 597
2 2 597
1 1 598
1 2 598
2 2 598
1 1 599
1 2 599
2 2 599
1 1 600
1 2 600
2 2 600
1 1 601
1 2 601
2 2 601
1 1 602
1 2 602
2 2 602
1 1 603
1 2 603
2 2 603
1 1 604
1 2 604
2 2 604
1 1 605
1 2 605
2 2 605
1 1 606
1 2 606
2 2 606
1 1 607
1 2 607
2 2 607
1 1 608
1 2 608
2 2 608
1 1 609
1 2 609
2 2 609
1 1 610
1 2 610
2 2 610
1 1 611
1 2 611
2 2 611
1 1 612
1 2 612
2 2 612
1 1 613
1 2 613
2 2 613
1 1 614
1 2 614
2 2 614
1 1 615
1 2 615
2 2 615
1 1 616
1 2 616
2 2 616
1 1 617
1 2 617
2 2 617
1 1 618
1 2 618
2 2 618
1 1 619
1 2 619
2 2 619
1 1 620
1 2 620
2 2 620
1 1 621
1 2 621
2 2 621
1 1 622
1 2 622
2 2 622
1 1 623
1 2 623
2 2 623
1 1 624
1 2 624
2 2 624
1 1 625
1 2 625
2 2 625
1 1 626
1 2 626
2 2 626
1 1 627
1 2 627
2 2 627
1 1 628
1 2 628
2 2 628
1 1 629
1 2 629
2 2 629
1 1 630
1 2 630
2 2 630
1 1 631
1 2 631
2 2 631
1 1 632
1 2 632
2 2 632
1 1 633
1 2 633
2 2 633
1 1 634
1 2 634
2 2 634
1 1 635
1 2 635
2 2 635
1 1 636
1 2 636
2 2 636
1 1 637
1 2 637
2 2 637
1 1 638
1 2 638
2 2 638
1 1 639
1 2 639
2 2 639
1 1 640
1 2 640
2 2 640
1 1 641
1 2 641
2 2 641
1 1 642
1 2 642
2 2 642
1 1 643
1 2 643
2 2 643
1 1 644
1 2 644
2 2 644
1 1 645
1 2 645
2 2 645
1 1 646
1 2 646
2 2 646
1 1 647
1 2 647
2 2 647
1 1 648
1 2 648
2 2 648
1 1 649
1 2 649
2 2 649
1 1 650
1 2 650
2 2 650
1 1 651
1 2 651
2 2 651
1 1 652
1 2 652
2 2 652
1 1 653
1 2 653
2 2 653
1 1 654
1 2 654
2 2 654
1 1 655
1 2 655
2 2 655
1 1 656
1 2 656
2 2 656
1 1 657
1 2 657
2 2 657
1 1 658
1 2 658
2 2 658
1 1 659
1 2 659
2 2 659
1 1 660
1 2 660
2 2 660
1 1 661
1 2 661
2 2 661
1 1 662
1 2 662
2 2 662
1 1 663
1 2 663
2 2 663
1 1 664
1 2 664
2 2 664
1 1 665
1 2 665
2 2 665
1 1 666
1 2 666
2 2 666
1 1 667
1 2 667
2 2 667
1 1 668
1 2 668
2 2 668
1 1 669
1 2 669
2 2 669
1 1 670
1 2 670
2 2 670
1 1 671
1 2 671
2 2 671
1 1 672
1 2 672
2 2 672
1 1 673
1 2 673
2 2 673
1 1 674
1 2 674
2 2 674
1 1 675
1 2 675
2 2 675
1 1 676
1 2 676
2 2 676
1 1 677
1 2 677
2 2 677
1 1 678
1 2 678
2 2 678
1 1 679
1 2 679
2 2 679
1 1 680
1 2 680
2 2 680
1 1 681
1 2 681
2 2 681
1 1 682
1 2 682
2 2 682
1 1 683
1 2 683
2 2 683
1 1 684
1 2 684
2 2 684
1 1 685
1 2 685
2 2 685
1 1 686
1 2 686
2 2 686
1 1 687
1 2 687
2 2 687
1 1 688
1 2 688
2 2 688
1 1 689
1 2 689
2 2 689
1 1 690
1 2 690
2 2 690
1 1 691
1 2 691
2 2 691
1 1 692
1 2 692
2 2 692
1 1 693
1 2 693
2 2 693
1 1 694
1 2 694
2 2 694
1 1 695
1 2 695
2 2 695
1 1 696
1 2 696
2 2 696
1 1 697
1 2 697
2 2 697
1 1 698
1 2 698
2 2 698
1 1 699
1 2 699
2 2 699
1 1 700
1 2 700
2 2 700
1 1 701
1 2 701
2 2 701
1 1 702
1 2 702
2 2 702
1 1 703
1 2 703
2 2 703
1 1 704
1 2 704
2 2 704
1 1 705
1 2 705
2 2 705
1 1 706
1 2 706
2 2 706
1 1 707
1 2 707
2 2 707
1 1 708
1 2 708
2 2 708
1 1 709
1 2 709
2 2 709
1 1 710
1 2 710
2 2 710
1 1 711
1 2 711
2 2 711
1 1 712
1 2 712
2 2 712
1 1 713
1 2 713
2 2 713
1 1 714
1 2 714
2 2 714
1 1 715
1 2 715
2 2 715
1 1 716
1 2 716
2 2 716
1 1 717
1 2 717
2 2 717
1 1 718
1 2 718
2 2 718
1 1 719
1 2 719
2 2 719
1 1 720
1 2 720
2 2 720
1 1 721
1 2 721
2 2 721
1 1 722
1 2 722
2 2 722
1 1 723
1 2 723
2 2 723
1 1 724
1 2 724
2 2 724
1 1 725
1 2 725
2 2 725
1 1 726
1 2 726
2 2 726
1 1 727
1 2 727
2 2 727
1 1 728
1 2 728
2 2 728
1 1 729
1 2 729
2 2 729
1 1 730
1 2 730
2 2 730
1 1 731
1 2 731
2 2 731
1 1 732
1 2 732
2 2 732
1 1 733
1 2 733
2 2 733
1 1 734
1 2 734
2 2 734
1 1 735
1 2 735
2 2 735
1 1 736
1 2 736
2 2 736
1 1 737
1 2 737
2 2 737
1 1 738
1 2 738
2 2 738
1 1 739
1 2 739
2 2 739
1 1 740
1 2 740
2 2 740
1 1 741
1 2 741
2 2 741
1 1 742
1 2 742
2 2 742
1 1 743
1 2 743
2 2 743
1 1 744
1 2 744
2 2 744
1 1 745
1 2 745
2 2 745
1 1 746
1 2 746
2 2 746
1 1 747
1 2 747
2 2 747
1 1 748
1 2 748
2 2 748
1 1 749
1 2 749
2 2 749
1 1 750
1 2 750
2 2 750
1 1 751
1 2 751
2 2 751
1 1 752
1 2 752
2 2 752
1 1 753
1 2 753
2 2 753
1 1 754
1 2 754
2 2 754
1 1 755
1 2 755
2 2 755
1 1 756
1 2 756
2 2 756
1 1 757
1 2 757
2 2 757
1 1 758
1 2 758
2 2 758
1 1 759
1 2 759
2 2 759
1 1 760
1 2 760
2 2 760
1 1 761
1 2 761
2 2 761
1 1 762
1 2 762
2 2 762
1 1 763
1 2 763
2 2 763
1 1 764
1 2 764
2 2 764
1 1 765
1 2 765
2 2 765
1 1 766
1 2 766
2 2 766
1 1 767
1 2 767
2 2 767
1 1 768
1 2 768
2 2 768
1 1 769
1 2 769
2 2 769
1 1 770
1 2 770
2 2 770
1 1 771
1 2 771
2 2 771
1 1 772
1 2 772
2 2 772
1 1 773
1 2 773
2 2 773
1 1 774
1 2 774
2 2 774
1 1 775
1 2 775
2 2 775
1 1 776
1 2 776
2 2 776
1 1 777
1 2 777
2 2 777
1 1 778
1 2 778
2 2 778
1 1 779
1 2 779
2 2 779
1 1 780
1 2 780
2 2 780
1 1 781
1 2 781
2 2 781
1 1 782
1 2 782
2 2 782
1 1 783
1 2 783
2 2 783
1 1 784
1 2 784
2 2 784
1 1 785
1 2 785
2 2 785
1 1 786
1 2 786
2 2 786
1 1 787
1 2 787
2 2 787
1 1 788
1 2 788
2 2 788
1 1 789
1 2 789
2 2 789
1 1 790
1 2 790
2 2 790
1 1 791
1 2 791
2 2 791
1 1 792
1 2 792
2 2 792
1 1 793
1 2 793
2 2 793
1 1 794
1 2 794
2 2 794
1 1 795
1 2 795
2 2 795
1 1 796
1 2 796
2 2 796
1 1 797
1 2 797
2 2 797
1 1 798
1 2 798
2 2 798
1 1 799
1 2 799
2 2 799
1 1 800
1 2 800
2 2 800
1 1 801
1 2 801
2 2 801
1 1 802
1 2 802
2 2 802
1 1 803
1 2 803
2 2 803
1 1 804
1 2 804
2 2 804
1 1 805
1 2 805
2 2 805
1 1 806
1 2 806
2 2 806
1 1 807
1 2 807
2 2 807
1 1 808
1 2 808
2 2 808
1 1 809
1 2 809
2 2 809
1 1 810
1 2 810
2 2 810
1 1 811
1 2 811
2 2 811
1 1 812
1 2 812
2 2 812
1 1 813
1 2 813
2 2 813
1 1 814
1 2 814
2 2 814
1 1 815
1 2 815
2 2 815
1 1 816
1 2 816
2 2 816
1 1 817
1 2 817
2 2 817
1 1 818
1 2 818
2 2 818
1 1 819
1 2 819
2 2 819
1 1 820
1 2 820
2 2 820
1 1 821
1 2 821
2 2 821
1 1 822
1 2 822
2 2 822
1 1 823
1 2 823
2 2 823
1 1 824
1 2 824
2 2 824
1 1 825
1 2 825
2 2 825
1 1 826
1 2 826
2 2 826
1 1 827
1 2 827
2 2 827
1 1 828
1 2 828
2 2 828
1 1 829
1 2 829
2 2 829
1 1 830
1 2 830
2 2 830
1 1 831
1 2 831
2 2 831
1 1 832
1 2 832
2 2 832
1 1 833
1 2 833
2 2 833
1 1 834
1 2 834
2 2 834
1 1 835
1 2 835
2 2 835
1 1 836
1 2 836
2 2 836
1 1 837
1 2 837
2 2 837
1 1 838
1 2 838
2 2 838
1 1 839
1 2 839
2 2 839
1 1 840
1 2 840
2 2 840
1 1 841
1 2 841
2 2 841
1 1 842
1 2 842
2 2 842
1 1 843
1 2 843
2 2 843
1 1 844
1 2 844
2 2 844
1 1 845
1 2 845
2 2 845
1 1 846
1 2 846
2 2 846
1 1 847
1 2 847
2 2 847
1 1 848
1 2 848
2 2 848
1 1 849
1 2 849
2 2 849
1 1 850
1 2 850
2 2 850
1 1 851
1 2 851
2 2 851
1 1 852
1 2 852
2 2 852
1 1 853
1 2 853
2 2 853
1 1 854
1 2 854
2 2 854
1 1 855
1 2 855
2 2 855
1 1 856
1 2 856
2 2 856
1 1 857
1 2 857
2 2 857
1 1 858
1 2 858
2 2 858
1 1 859
1 2 859
2 2 859
1 1 860
1 2 860
2 2 860
1 1 861
1 2 861
2 2 861
1 1 862
1 2 862
2 2 862
1 1 863
1 2 863
2 2 863
1 1 864
1 2 864
2 2 864
1 1 865
1 2 865
2 2 865
1 1 866
1 2 866
2 2 866
1 1 867
1 2 867
2 2 867
1 1 868
1 2 868
2 2 868
1 1 869
1 2 869
2 2 869
1 1 870
1 2 870
2 2 870
1 1 871
1 2 871
2 2 871
1 1 872
1 2 872
2 2 872
1 1 873
1 2 873
2 2 873
1 1 874
1 2 874
2 2 874
1 1 875
1 2 875
2 2 875
1 1 876
1 2 876
2 2 876
1 1 877
1 2 877
2 2 877
1 1 878
1 2 878
2 2 878
1 1 879
1 2 879
2 2 879
1 1 880
1 2 880
2 2 880
1 1 881
1 2 881
2 2 881
1 1 882
1 2 882
2 2 882
1 1 883
1 2 883
2 2 883
1 1 884
1 2 884
2 2 884
1 1 885
1 2 885
2 2 885
1 1 886
1 2 886
2 2 886
1 1 887
1 2 887
2 2 887
1 1 888
1 2 888
2 2 888
1 1 889
1 2 889
2 2 889
1 1 890
1 2 890
2 2 890
1 1 891
1 2 891
2 2 891
1 1 892
1 2 892
2 2 892
1 1 893
1 2 893
2 2 893
1 1 894
1 2 894
2 2 894
1 1 895
1 2 895
2 2 895
1 1 896
1 2 896
2 2 896
1 1 897
1 2 897
2 2 897
1 1 898
1 2 898
2 2 898
1 1 899
1 2 899
2 2 899
1 1 900
1 2 900
2 2 900
1 1 901
1 2 901
2 2 901
1 1 902
1 2 902
2 2 902
1 1 903
1 2 903
2 2 903
1 1 904
1 2 904
2 2 904
1 1 905
1 2 905
2 2 905
1 1 906
1 2 906
2 2 906
1 1 907
1 2 907
2 2 907
1 1 908
1 2 908
2 2 908
1 1 909
1 2 909
2 2 909
1 1 910
1 2 910
2 2 910
1 1 911
1 2 911
2 2 911
1 1 912
1 2 912
2 2 912
1 1 913
1 2 913
2 2 913
1 1 914
1 2 914
2 2 914
1 1 915
1 2 915
2 2 915
1 1 916
1 2 916
2 2 916
1 1 917
1 2 917
2 2 917
1 1 918
1 2 918
2 2 918
1 1 919
1 2 919
2 2 919
1 1 920
1 2 920
2 2 920
1 1 921
1 2 921
2 2 921
1 1 922
1 2 922
2 2 922
1 1 923
1 2 923
2 2 923
1 1 924
1 2 924
2 2 924
1 1 925
1 2 925
2 2 925
1 1 926
1 2 926
2 2 926
1 1 927
1 2 927
2 2 927
1 1 928
1 2 928
2 2 928
1 1 929
1 2 929
2 2 929
1 1 930
1 2 930
2 2 930
1 1 931
1 2 931
2 2 931
1 1 932
1 2 932
2 2 932
1 1 933
1 2 933
2 2 933
1 1 934
1 2 934
2 2 934
1 1 935
1 2 935
2 2 935
1 1 936
1 2 936
2 2 936
1 1 937
1 2 937
2 2 937
1 1 938
1 2 938
2 2 938
1 1 939
1 2 939
2 2 939
1 1 940
1 2 940
2 2 940
1 1 941
1 2 941
2 2 941
1 1 942
1 2 942
2 2 942
1 1 943
1 2 943
2 2 943
1 1 944
1 2 944
2 2 944
1 1 945
1 2 945
2 2 945
1 1 946
1 2 946
2 2 946
1 1 947
1 2 947
2 2 947
1 1 948
1 2 948
2 2 948
1 1 949
1 2 949
2 2 949
1 1 950
1 2 950
2 2 950
1 1 951
1 2 951
2 2 951
1 1 952
1 2 952
2 2 952
1 1 953
1 2 953
2 2 953
1 1 954
1 2 954
2 2 954
1 1 955
1 2 955
2 2 955
1 1 956
1 2 956
2 2 956
1 1 957
1 2 957
2 2 957
1 1 958
1 2 958
2 2 958
1 1 959
1 2 959
2 2 959
1 1 960
1 2 960
2 2 960
1 1 961
1 2 961
2 2 961
1 1 962
1 2 962
2 2 962
1 1 963
1 2 963
2 2 963
1 1 964
1 2 964
2 2 964
1 1 965
1 2 965
2 2 965
1 1 966
1 2 966
2 2 966
1 1 967
1 2 967
2 2 967
1 1 968
1 2 968
2 2 968
1 1 969
1 2 969
2 2 969
1 1 970
1 2 970
2 2 970
1 1 971
1 2 971
2 2 971
1 1 972
1 2 972
2 2 972
1 1 973
1 2 973
2 2 973
1 1 974
1 2 974
2 2 974
1 1 975
1 2 975
2 2 975
1 1 976
1 2 976
2 2 976
1 1 977
1 2 977
2 2 977
1 1 978
1 2 978
2 2 978
1 1 979
1 2 979
2 2 979
1 1 980
1 2 980
2 2 980
1 1 981
1 2 981
2 2 981
1 1 982
1 2 982
2 2 982
1 1 983
1 2 983
2 2 983
1 1 984
1 2 984
2 2 984
1 1 985
1 2 985
2 2 985
1 1 986
1 2 986
2 2 986
1 1 987
1 2 987
2 2 987
1 1 988
1 2 988
2 2 988
1 1 989
1 2 989
2 2 989
1 1 990
1 2 990
2 2 990
1 1 991
1 2 991
2 2 991
1 1 992
1 2 992
2 2 992
1 1 993
1 2 993
2 2 993
1 1 994
1 2 994
2 2 994
1 1 995
1 2 995
2 2 995
1 1 996
1 2 996
2 2 996
1 1 997
1 2 997
2 2 997
1 1 998
1 2 998
2 2 998
1 1 999
1 2 999
2 2 999
1 1 1000
1 2 1000
2 2 1000
1 1 1001
1 2 1001
2 2 1001
1 1 1002
1 2 1002
2 2 1002
1 1 1003
1 2 1003
2 2 1003
1 1 1004
1 2 1004
2 2 1004
1 1 1005
1 2 1005
2 2 1005
1 1 1006
1 2 1006
2 2 1006
1 1 1007
1 2 1007
2 2 1007
1 1 1008
1 2 1008
2 2 1008
1 1 1009
1 2 1009
2 2 1009
1 1 1010
1 2 1010
2 2 1010
1 1 1011
1 2 1011
2 2 1011
1 1 1012
1 2 1012
2 2 1012
1 1 1013
1 2 1013
2 2 1013
1 1 1014
1 2 1014
2 2 1014
1 1 1015
1 2 1015
2 2 1015
1 1 1016
1 2 1016
2 2 1016
1 1 1017
1 2 1017
2 2 1017
1 1 1018
1 2 1018
2 2 1018
1 1 1019
1 2 1019
2 2 1019
1 1 1020
1 2 1020
2 2 1020
1 1 1021
1 2 1021
2 2 1021
1 1 1022
1 2 1022
2 2 1022
1 1 1023
1 2 1023
2 2 1023
1 1 1024
1 2 1024
2 2 1024
1 1 1025
1 2 1025
2 2 1025
1 1 1026
1 2 1026
2 2 1026
1 1 1027
1 2 1027
2 2 1027
1 1 1028
1 2 1028
2 2 1028
1 1 1029
1 2 1029
2 2 1029
1 1 1030
1 2 1030
2 2 1030
1 1 1031
1 2 1031
2 2 1031
1 1 1032
1 2 1032
2 2 1032
1 1 1033
1 2 1033
2 2 1033
1 1 1034
1 2 1034
2 2 1034
1 1 1035
1 2 1035
2 2 1035
1 1 1036
1 2 1036
2 2 1036
1 1 1037
1 2 1037
2 2 1037
1 1 1038
1 2 1038
2 2 1038
1 1 1039
1 2 1039
2 2 1039
1 1 1040
1 2 1040
2 2 1040
1 1 1041
1 2 1041
2 2 1041
1 1 1042
1 2 1042
2 2 1042
1 1 1043
1 2 1043
2 2 1043
1 1 1044
1 2 1044
2 2 1044
1 1 1045
1 2 1045
2 2 1045
1 1 1046
1 2 1046
2 2 1046
1 1 1047
1 2 1047
2 2 1047
1 1 1048
1 2 1048
2 2 1048
1 1 1049
1 2 1049
2 2 1049
1 1 1050
1 2 1050
2 2 1050
1 1 1051
1 2 1051
2 2 1051
1 1 1052
1 2 1052
2 2 1052
1 1 1053
1 2 1053
2 2 1053
1 1 1054
1 2 1054
2 2 1054
1 1 1055
1 2 1055
2 2 1055
1 1 1056
1 2 1056
2 2 1056
1 1 1057
1 2 1057
2 2 1057
1 1 1058
1 2 1058
2 2 1058
1 1 1059
1 2 1059
2 2 1059
1 1 1060
1 2 1060
2 2 1060
1 1 1061
1 2 1061
2 2 1061
1 1 1062
1 2 1062
2 2 1062
1 1 1063
1 2 1063
2 2 1063
1 1 1064
1 2 1064
2 2 1064
1 1 1065
1 2 1065
2 2 1065
1 1 1066
1 2 1066
2 2 1066
1 1 1067
1 2 1067
2 2 1067
1 1 1068
1 2 1068
2 2 1068
1 1 1069
1 2 1069
2 2 1069
1 1 1070
1 2 1070
2 2 1070
1 1 1071
1 2 1071
2 2 1071
1 1 1072
1 2 1072
2 2 1072
1 1 1073
1 2 1073
2 2 1073
1 1 1074
1 2 1074
2 2 1074
1 1 1075
1 2 1075
2 2 1075
1 1 1076
1 2 1076
2 2 1076
1 1 1077
1 2 1077
2 2 1077
1 1 1078
1 2 1078
2 2 1078
1 1 1079
1 2 1079
2 2 1079
1 1 1080
1 2 1080
2 2 1080
1 1 1081
1 2 1081
2 2 1081
1 1 1082
1 2 1082
2 2 1082
1 1 1083
1 2 1083
2 2 1083
1 1 1084
1 2 1084
2 2 1084
1 1 1085
1 2 1085
2 2 1085
1 1 1086
1 2 1086
2 2 1086
1 1 1087
1 2 1087
2 2 1087
1 1 1088
1 2 1088
2 2 1088
1 1 1089
1 2 1089
2 2 1089
1 1 1090
1 2 1090
2 2 1090
1 1 1091
1 2 1091
2 2 1091
1 1 1092
1 2 1092
2 2 1092
1 1 1093
1 2 1093
2 2 1093
1 1 1094
1 2 1094
2 2 1094
1 1 1095
1 2 1095
2 2 1095
1 1 1096
1 2 1096
2 2 1096
1 1 1097
1 2 1097
2 2 1097
1 1 1098
1 2 1098
2 2 1098
1 1 1099
1 2 1099
2 2 1099
1 1 1100
1 2 1100
2 2 1100
1 1 1101
1 2 1101
2 2 1101
1 1 1102
1 2 1102
2 2 1102
1 1 1103
1 2 1103
2 2 1103
1 1 1104
1 2 1104
2 2 1104
1 1 1105
1 2 1105
2 2 1105
1 1 1106
1 2 1106
2 2 1106
1 1 1107
1 2 1107
2 2 1107
1 1 1108
1 2 1108
2 2 1108
1 1 1109
1 2 1109
2 2 1109
1 1 1110
1 2 1110
2 2 1110
1 1 1111
1 2 1111
2 2 1111
1 1 1112
1 2 1112
2 2 1112
1 1 1113
1 2 1113
2 2 1113
1 1 1114
1 2 1114
2 2 1114
1 1 1115
1 2 1115
2 2 1115
1 1 1116
1 2 1116
2 2 1116
1 1 1117
1 2 1117
2 2 1117
1 1 1118
1 2 1118
2 2 1118
1 1 1119
1 2 1119
2 2 1119
1 1 1120
1 2 1120
2 2 1120
1 1 1121
1 2 1121
2 2 1121
1 1 1122
1 2 1122
2 2 1122
1 1 1123
1 2 1123
2 2 1123
1 1 1124
1 2 1124
2 2 1124
1 1 1125
1 2 1125
2 2 1125
1 1 1126
1 2 1126
2 2 1126
1 1 1127
1 2 1127
2 2 1127
1 1 1128
1 2 1128
2 2 1128
1 1 1129
1 2 1129
2 2 1129
1 1 1130
1 2 1130
2 2 1130
1 1 1131
1 2 1131
2 2 1131
1 1 1132
1 2 1132
2 2 1132
1 1 1133
1 2 1133
2 2 1133
1 1 1134
1 2 1134
2 2 1134
1 1 1135
1 2 1135
2 2 1135
1 1 1136
1 2 1136
2 2 1136
1 1 1137
1 2 1137
2 2 1137
1 1 1138
1 2 1138
2 2 1138
1 1 1139
1 2 1139
2 2 1139
1 1 1140
1 2 1140
2 2 1140
1 1 1141
1 2 1141
2 2 1141
1 1 1142
1 2 1142
2 2 1142
1 1 1143
1 2 1143
2 2 1143
1 1 1144
1 2 1144
2 2 1144
1 1 1145
1 2 1145
2 2 1145
1 1 1146
1 2 1146
2 2 1146
1 1 1147
1 2 1147
2 2 1147
1 1 1148
1 2 1148
2 2 1148
1 1 1149
1 2 1149
2 2 1149
1 1 1150
1 2 1150
2 2 1150
1 1 1151
1 2 1151
2 2 1151
1 1 1152
1 2 1152
2 2 1152
1 1 1153
1 2 1153
2 2 1153
1 1 1154
1 2 1154
2 2 1154
1 1 1155
1 2 1155
2 2 1155
1 1 1156
1 2 1156
2 2 1156
1 1 1157
1 2 1157
2 2 1157
1 1 1158
1 2 1158
2 2 1158
1 1 1159
1 2 1159
2 2 1159
1 1 1160
1 2 1160
2 2 1160
1 1 1161
1 2 1161
2 2 1161
1 1 1162
1 2 1162
2 2 1162
1 1 1163
1 2 1163
2 2 1163
1 1 1164
1 2 1164
2 2 1164
1 1 1165
1 2 1165
2 2 1165
1 1 1166
1 2 1166
2 2 1166
1 1 1167
1 2 1167
2 2 1167
1 1 1168
1 2 1168
2 2 1168
1 1 1169
1 2 1169
2 2 1169
1 1 1170
1 2 1170
2 2 1170
1 1 1171
1 2 1171
2 2 1171
1 1 1172
1 2 1172
2 2 1172
1 1 1173
1 2 1173
2 2 1173
1 1 1174
1 2 1174
2 2 1174
1 1 1175
1 2 1175
2 2 1175
1 1 1176
1 2 1176
2 2 1176
1 1 1177
1 2 1177
2 2 1177
1 1 1178
1 2 1178
2 2 1178
1 1 1179
1 2 1179
2 2 1179
1 1 1180
1 2 1180
2 2 1180
1 1 1181
1 2 1181
2 2 1181
1 1 1182
1 2 1182
2 2 1182
1 1 1183
1 2 1183
2 2 1183
1 1 1184
1 2 1184
2 2 1184
1 1 1185
1 2 1185
2 2 1185
1 1 1186
1 2 1186
2 2 1186
1 1 1187
1 2 1187
2 2 1187
1 1 1188
1 2 1188
2 2 1188
1 1 1189
1 2 1189
2 2 1189
1 1 1190
1 2 1190
2 2 1190
1 1 1191
1 2 1191
2 2 1191
1 1 1192
1 2 1192
2 2 1192
1 1 1193
1 2 1193
2 2 1193
1 1 1194
1 2 1194
2 2 1194
1 1 1195
1 2 1195
2 2 1195
1 1 1196
1 2 1196
2 2 1196
1 1 1197
1 2 1197
2 2 1197
1 1 1198
1 2 1198
2 2 1198
1 1 1199
1 2 1199
2 2 1199
1 1 1200
1 2 1200
2 2 1200
1 1 1201
1 2 1201
2 2 1201
1 1 1202
1 2 1202
2 2 1202
1 1 1203
1 2 1203
2 2 1203
1 1 1204
1 2 1204
2 2 1204
1 1 1205
1 2 1205
2 2 1205
1 1 1206
1 2 1206
2 2 1206
1 1 1207
1 2 1207
2 2 1207
1 1 1208
1 2 1208
2 2 1208
1 1 1209
1 2 1209
2 2 1209
1 1 1210
1 2 1210
2 2 1210
1 1 1211
1 2 1211
2 2 1211
1 1 1212
1 2 1212
2 2 1212
1 1 1213
1 2 1213
2 2 1213
1 1 1214
1 2 1214
2 2 1214
1 1 1215
1 2 1215
2 2 1215
1 1 1216
1 2 1216
2 2 1216
1 1 1217
1 2 1217
2 2 1217
1 1 1218
1 2 1218
2 2 1218
1 1 1219
1 2 1219
2 2 1219
1 1 1220
1 2 1220
2 2 1220
1 1 1221
1 2 1221
2 2 1221
1 1 1222
1 2 1222
2 2 1222
1 1 1223
1 2 1223
2 2 1223
1 1 1224
1 2 1224
2 2 1224
1 1 1225
1 2 1225
2 2 1225
1 1 1226
1 2 1226
2 2 1226
1 1 1227
1 2 1227
2 2 1227
1 1 1228
1 2 1228
2 2 1228
1 1 1229
1 2 1229
2 2 1229
1 1 1230
1 2 1230
2 2 1230
1 1 1231
1 2 1231
2 2 1231
1 1 1232
1 2 1232
2 2 1232
1 1 1233
1 2 1233
2 2 1233
1 1 1234
1 2 1234
2 2 1234
1 1 1235
1 2 1235
2 2 1235
1 1 1236
1 2 1236
2 2 1236
1 1 1237
1 2 1237
2 2 1237
1 1 1238
1 2 1238
2 2 1238
1 1 1239
1 2 1239
2 2 1239
1 1 1240
1 2 1240
2 2 1240
1 1 1241
1 2 1241
2 2 1241
1 1 1242
1 2 1242
2 2 1242
1 1 1243
1 2 1243
2 2 1243
1 1 1244
1 2 1244
2 2 1244
1 1 1245
1 2 1245
2 2 1245
1 1 1246
1 2 1246
2 2 1246
1 1 1247
1 2 1247
2 2 1247
1 1 1248
1 2 1248
2 2 1248
1 1 1249
1 2 1249
2 2 1249
1 1 1250
1 2 1250
2 2 1250
1 1 1251
1 2 1251
2 2 1251
1 1 1252
1 2 1252
2 2 1252
1 1 1253
1 2 1253
2 2 1253
1 1 1254
1 2 1254
2 2 1254
1 1 1255
1 2 1255
2 2 1255
1 1 1256
1 2 1256
2 2 1256
1 1 1257
1 2 1257
2 2 1257
1 1 1258
1 2 1258
2 2 1258
1 1 1259
1 2 1259
2 2 1259
1 1 1260
1 2 1260
2 2 1260
1 1 1261
1 2 1261
2 2 1261
1 1 1262
1 2 1262
2 2 1262
1 1 1263
1 2 1263
2 2 1263
1 1 1264
1 2 1264
2 2 1264
1 1 1265
1 2 1265
2 2 1265
1 1 1266
1 2 1266
2 2 1266
1 1 1267
1 2 1267
2 2 1267
1 1 1268
1 2 1268
2 2 1268
1 1 1269
1 2 1269
2 2 1269
1 1 1270
1 2 1270
2 2 1270
1 1 1271
1 2 1271
2 2 1271
1 1 1272
1 2 1272
2 2 1272
1 1 1273
1 2 1273
2 2 1273
1 1 1274
1 2 1274
2 2 1274
1 1 1275
1 2 1275
2 2 1275
1 1 1276
1 2 1276
2 2 1276
1 1 1277
1 2 1277
2 2 1277
1 1 1278
1 2 1278
2 2 1278
1 1 1279
1 2 1279
2 2 1279
1 1 1280
1 2 1280
2 2 1280
1 1 1281
1 2 1281
2 2 1281
1 1 1282
1 2 1282
2 2 1282
1 1 1283
1 2 1283
2 2 1283
1 1 1284
1 2 1284
2 2 1284
1 1 1285
1 2 1285
2 2 1285
1 1 1286
1 2 1286
2 2 1286
1 1 1287
1 2 1287
2 2 1287
1 1 1288
1 2 1288
2 2 1288
1 1 1289
1 2 1289
2 2 1289
1 1 1290
1 2 1290
2 2 1290
1 1 1291
1 2 1291
2 2 1291
1 1 1292
1 2 1292
2 2 1292
1 1 1293
1 2 1293
2 2 1293
1 1 1294
1 2 1294
2 2 1294
1 1 1295
1 2 1295
2 2 1295
1 1 1296
1 2 1296
2 2 1296
1 1 1297
1 2 1297
2 2 1297
1 1 1298
1 2 1298
2 2 1298
1 1 1299
1 2 1299
2 2 1299
1 1 1300
1 2 1300
2 2 1300
1 1 1301
1 2 1301
2 2 1301
1 1 1302
1 2 1302
2 2 1302
1 1 1303
1 2 1303
2 2 1303
1 1 1304
1 2 1304
2 2 1304
1 1 1305
1 2 1305
2 2 1305
1 1 1306
1 2 1306
2 2 1306
1 1 1307
1 2 1307
2 2 1307
1 1 1308
1 2 1308
2 2 1308
1 1 1309
1 2 1309
2 2 1309
1 1 1310
1 2 1310
2 2 1310
1 1 1311
1 2 1311
2 2 1311
1 1 1312
1 2 1312
2 2 1312
1 1 1313
1 2 1313
2 2 1313
1 1 1314
1 2 1314
2 2 1314
1 1 1315
1 2 1315
2 2 1315
1 1 1316
1 2 1316
2 2 1316
1 1 1317
1 2 1317
2 2 1317
1 1 1318
1 2 1318
2 2 1318
1 1 1319
1 2 1319
2 2 1319
1 1 1320
1 2 1320
2 2 1320
1 1 1321
1 2 1321
2 2 1321
1 1 1322
1 2 1322
2 2 1322
1 1 1323
1 2 1323
2 2 1323
1 1 1324
1 2 1324
2 2 1324
1 1 1325
1 2 1325
2 2 1325
1 1 1326
1 2 1326
2 2 1326
1 1 1327
1 2 1327
2 2 1327
1 1 1328
1 2 1328
2 2 1328
1 1 1329
1 2 1329
2 2 1329
1 1 1330
1 2 1330
2 2 1330
1 1 1331
1 2 1331
2 2 1331
1 1 1332
1 2 1332
2 2 1332
1 1 1333
1 2 1333
2 2 1333
1 1 1334
1 2 1334
2 2 1334
1 1 1335
1 2 1335
2 2 1335
1 1 1336
1 2 1336
2 2 1336
1 1 1337
1 2 1337
2 2 1337
1 1 1338
1 2 1338
2 2 1338
1 1 1339
1 2 1339
2 2 1339
1 1 1340
1 2 1340
2 2 1340
1 1 1341
1 2 1341
2 2 1341
1 1 1342
1 2 1342
2 2 1342
1 1 1343
1 2 1343
2 2 1343
1 1 1344
1 2 1344
2 2 1344
1 1 1345
1 2 1345
2 2 1345
1 1 1346
1 2 1346
2 2 1346
1 1 1347
1 2 1347
2 2 1347
1 1 1348
1 2 1348
2 2 1348
1 1 1349
1 2 1349
2 2 1349
1 1 1350
1 2 1350
2 2 1350
1 1 1351
1 2 1351
2 2 1351
1 1 1352
1 2 1352
2 2 1352
1 1 1353
1 2 1353
2 2 1353
1 1 1354
1 2 1354
2 2 1354
1 1 1355
1 2 1355
2 2 1355
1 1 1356
1 2 1356
2 2 1356
1 1 1357
1 2 1357
2 2 1357
1 1 1358
1 2 1358
2 2 1358
1 1 1359
1 2 1359
2 2 1359
1 1 1360
1 2 1360
2 2 1360
1 1 1361
1 2 1361
2 2 1361
1 1 1362
1 2 1362
2 2 1362
1 1 1363
1 2 1363
2 2 1363
1 1 1364
1 2 1364
2 2 1364
1 1 1365
1 2 1365
2 2 1365
1 1 1366
1 2 1366
2 2 1366
1 1 1367
1 2 1367
2 2 1367
1 1 1368
1 2 1368
2 2 1368
1 1 1369
1 2 1369
2 2 1369
1 1 1370
1 2 1370
2 2 1370
1 1 1371
1 2 1371
2 2 1371
1 1 1372
1 2 1372
2 2 1372
1 1 1373
1 2 1373
2 2 1373
1 1 1374
1 2 1374
2 2 1374
1 1 1375
1 2 1375
2 2 1375
1 1 1376
1 2 1376
2 2 1376
1 1 1377
1 2 1377
2 2 1377
1 1 1378
1 2 1378
2 2 1378
1 1 1379
1 2 1379
2 2 1379
1 1 1380
1 2 1380
2 2 1380
1 1 1381
1 2 1381
2 2 1381
1 1 1382
1 2 1382
2 2 1382
1 1 1383
1 2 1383
2 2 1383
1 1 1384
1 2 1384
2 2 1384
1 1 1385
1 2 1385
2 2 1385
1 1 1386
1 2 1386
2 2 1386
1 1 1387
1 2 1387
2 2 1387
1 1 1388
1 2 1388
2 2 1388
1 1 1389
1 2 1389
2 2 1389
1 1 1390
1 2 1390
2 2 1390
1 1 1391
1 2 1391
2 2 1391
1 1 1392
1 2 1392
2 2 1392
1 1 1393
1 2 1393
2 2 1393
1 1 1394
1 2 1394
2 2 1394
1 1 1395
1 2 1395
2 2 1395
1 1 1396
1 2 1396
2 2 1396
1 1 1397
1 2 1397
2 2 1397
1 1 1398
1 2 1398
2 2 1398
1 1 1399
1 2 1399
2 2 1399
1 1 1400
1 2 1400
2 2 1400
1 1 1401
1 2 1401
2 2 1401
1 1 1402
1 2 1402
2 2 1402
1 1 1403
1 2 1403
2 2 1403
1 1 1404
1 2 1404
2 2 1404
1 1 1405
1 2 1405
2 2 1405
1 1 1406
1 2 1406
2 2 1406
1 1 1407
1 2 1407
2 2 1407
1 1 1408
1 2 1408
2 2 1408
1 1 1409
1 2 1409
2 2 1409
1 1 1410
1 2 1410
2 2 1410
1 1 1411
1 2 1411
2 2 1411
1 1 1412
1 2 1412
2 2 1412
1 1 1413
1 2 1413
2 2 1413
1 1 1414
1 2 1414
2 2 1414
1 1 1415
1 2 1415
2 2 1415
1 1 1416
1 2 1416
2 2 1416
1 1 1417
1 2 1417
2 2 1417
1 1 1418
1 2 1418
2 2 1418
1 1 1419
1 2 1419
2 2 1419
1 1 1420
1 2 1420
2 2 1420
1 1 1421
1 2 1421
2 2 1421
1 1 1422
1 2 1422
2 2 1422
1 1 1423
1 2 1423
2 2 1423
1 1 1424
1 2 1424
2 2 1424
1 1 1425
1 2 1425
2 2 1425
1 1 1426
1 2 1426
2 2 1426
1 1 1427
1 2 1427
2 2 1427
1 1 1428
1 2 1428
2 2 1428
1 1 1429
1 2 1429
2 2 1429
1 1 1430
1 2 1430
2 2 1430
1 1 1431
1 2 1431
2 2 1431
1 1 1432
1 2 1432
2 2 1432
1 1 1433
1 2 1433
2 2 1433
1 1 1434
1 2 1434
2 2 1434
1 1 1435
1 2 1435
2 2 1435
1 1 1436
1 2 1436
2 2 1436
1 1 1437
1 2 1437
2 2 1437
1 1 1438
1 2 1438
2 2 1438
1 1 1439
1 2 1439
2 2 1439
1 1 1440
1 2 1440
2 2 1440
1 1 1441
1 2 1441
2 2 1441
1 1 1442
1 2 1442
2 2 1442
1 1 1443
1 2 1443
2 2 1443
1 1 1444
1 2 1444
2 2 1444
1 1 1445
1 2 1445
2 2 1445
1 1 1446
1 2 1446
2 2 1446
1 1 1447
1 2 1447
2 2 1447
1 1 1448
1 2 1448
2 2 1448
1 1 1449
1 2 1449
2 2 1449
1 1 1450
1 2 1450
2 2 1450
1 1 1451
1 2 1451
2 2 1451
1 1 1452
1 2 1452
2 2 1452
1 1 1453
1 2 1453
2 2 1453
1 1 1454
1 2 1454
2 2 1454
1 1 1455
1 2 1455
2 2 1455
1 1 1456
1 2 1456
2 2 1456
1 1 1457
1 2 1457
2 2 1457
1 1 1458
1 2 1458
2 2 1458
1 1 1459
1 2 1459
2 2 1459
1 1 1460
1 2 1460
2 2 1460
1 1 1461
1 2 1461
2 2 1461
1 1 1462
1 2 1462
2 2 1462
1 1 1463
1 2 1463
2 2 1463
1 1 1464
1 2 1464
2 2 1464
1 1 1465
1 2 1465
2 2 1465
1 1 1466
1 2 1466
2 2 1466
1 1 1467
1 2 1467
2 2 1467
1 1 1468
1 2 1468
2 2 1468
1 1 1469
1 2 1469
2 2 1469
1 1 1470
1 2 1470
2 2 1470
1 1 1471
1 2 1471
2 2 1471
1 1 1472
1 2 1472
2 2 1472
1 1 1473
1 2 1473
2 2 1473
1 1 1474
1 2 1474
2 2 1474
1 1 1475
1 2 1475
2 2 1475
1 1 1476
1 2 1476
2 2 1476
1 1 1477
1 2 1477
2 2 1477
1 1 1478
1 2 1478
2 2 1478
1 1 1479
1 2 1479
2 2 1479
1 1 1480
1 2 1480
2 2 1480
1 1 1481
1 2 1481
2 2 1481
1 1 1482
1 2 1482
2 2 1482
1 1 1483
1 2 1483
2 2 1483
1 1 1484
1 2 1484
2 2 1484
1 1 1485
1 2 1485
2 2 1485
1 1 1486
1 2 1486
2 2 1486
1 1 1487
1 2 1487
2 2 1487
1 1 1488
1 2 1488
2 2 1488
1 1 1489
1 2 1489
2 2 1489
1 1 1490
1 2 1490
2 2 1490
1 1 1491
1 2 1491
2 2 1491
1 1 1492
1 2 1492
2 2 1492
1 1 1493
1 2 1493
2 2 1493
1 1 1494
1 2 1494
2 2 1494
1 1 1495
1 2 1495
2 2 1495
1 1 1496
1 2 1496
2 2 1496
1 1 1497
1 2 1497
2 2 1497
1 1 1498
1 2 1498
2 2 1498
1 1 1499
1 2 1499
2 2 1499
1 1 1500
1 2 1500
2 2 1500
1 1 1501
1 2 1501
2 2 1501
1 1 1502
1 2 1502
2 2 1502
1 1 1503
1 2 1503
2 2 1503
1 1 1504
1 2 1504
2 2 1504
1 1 1505
1 2 1505
2 2 1505
1 1 1506
1 2 1506
2 2 1506
1 1 1507
1 2 1507
2 2 1507
1 1 1508
1 2 1508
2 2 1508
1 1 1509
1 2 1509
2 2 1509
1 1 1510
1 2 1510
2 2 1510
1 1 1511
1 2 1511
2 2 1511
1 1 1512
1 2 1512
2 2 1512
1 1 1513
1 2 1513
2 2 1513
1 1 1514
1 2 1514
2 2 1514
1 1 1515
1 2 1515
2 2 1515
1 1 1516
1 2 1516
2 2 1516
1 1 1517
1 2 1517
2 2 1517
1 1 1518
1 2 1518
2 2 1518
1 1 1519
1 2 1519
2 2 1519
1 1 1520
1 2 1520
2 2 1520
1 1 1521
1 2 1521
2 2 1521
1 1 1522
1 2 1522
2 2 1522
1 1 1523
1 2 1523
2 2 1523
1 1 1524
1 2 1524
2 2 1524
1 1 1525
1 2 1525
2 2 1525
1 1 1526
1 2 1526
2 2 1526
1 1 1527
1 2 1527
2 2 1527
1 1 1528
1 2 1528
2 2 1528
1 1 1529
1 2 1529
2 2 1529
1 1 1530
1 2 1530
2 2 1530
1 1 1531
1 2 1531
2 2 1531
1 1 1532
1 2 1532
2 2 1532
1 1 1533
1 2 1533
2 2 1533
1 1 1534
1 2 1534
2 2 1534
1 1 1535
1 2 1535
2 2 1535
1 1 1536
1 2 1536
2 2 1536
1 1 1537
1 2 1537
2 2 1537
1 1 1538
1 2 1538
2 2 1538
1 1 1539
1 2 1539
2 2 1539
1 1 1540
1 2 1540
2 2 1540
1 1 1541
1 2 1541
2 2 1541
1 1 1542
1 2 1542
2 2 1542
1 1 1543
1 2 1543
2 2 1543
1 1 1544
1 2 1544
2 2 1544
1 1 1545
1 2 1545
2 2 1545
1 1 1546
1 2 1546
2 2 1546
1 1 1547
1 2 1547
2 2 1547
1 1 1548
1 2 1548
2 2 1548
1 1 1549
1 2 1549
2 2 1549
1 1 1550
1 2 1550
2 2 1550
1 1 1551
1 2 1551
2 2 1551
1 1 1552
1 2 1552
2 2 1552
1 1 1553
1 2 1553
2 2 1553
1 1 1554
1 2 1554
2 2 1554
1 1 1555
1 2 1555
2 2 1555
1 1 1556
1 2 1556
2 2 1556
1 1 1557
1 2 1557
2 2 1557
1 1 1558
1 2 1558
2 2 1558
1 1 1559
1 2 1559
2 2 1559
1 1 1560
1 2 1560
2 2 1560
1 1 1561
1 2 1561
2 2 1561
1 1 1562
1 2 1562
2 2 1562
1 1 1563
1 2 1563
2 2 1563
1 1 1564
1 2 1564
2 2 1564
1 1 1565
1 2 1565
2 2 1565
1 1 1566
1 2 1566
2 2 1566
1 1 1567
1 2 1567
2 2 1567
1 1 1568
1 2 1568
2 2 1568
1 1 1569
1 2 1569
2 2 1569
1 1 1570
1 2 1570
2 2 1570
1 1 1571
1 2 1571
2 2 1571
1 1 1572
1 2 1572
2 2 1572
1 1 1573
1 2 1573
2 2 1573
1 1 1574
1 2 1574
2 2 1574
1 1 1575
1 2 1575
2 2 1575
1 1 1576
1 2 1576
2 2 1576
1 1 1577
1 2 1577
2 2 1577
1 1 1578
1 2 1578
2 2 1578
1 1 1579
1 2 1579
2 2 1579
1 1 1580
1 2 1580
2 2 1580
1 1 1581
1 2 1581
2 2 1581
1 1 1582
1 2 1582
2 2 1582
1 1 1583
1 2 1583
2 2 1583
1 1 1584
1 2 1584
2 2 1584
1 1 1585
1 2 1585
2 2 1585
1 1 1586
1 2 1586
2 2 1586
1 1 1587
1 2 1587
2 2 1587
1 1 1588
1 2 1588
2 2 1588
1 1 1589
1 2 1589
2 2 1589
1 1 1590
1 2 1590
2 2 1590
1 1 1591
1 2 1591
2 2 1591
1 1 1592
1 2 1592
2 2 1592
1 1 1593
1 2 1593
2 2 1593
1 1 1594
1 2 1594
2 2 1594
1 1 1595
1 2 1595
2 2 1595
1 1 1596
1 2 1596
2 2 1596
1 1 1597
1 2 1597
2 2 1597
1 1 1598
1 2 1598
2 2 1598
1 1 1599
1 2 1599
2 2 1599
1 1 1600
1 2 1600
2 2 1600
1 1 1601
1 2 1601
2 2 1601
1 1 1602
1 2 1602
2 2 1602
1 1 1603
1 2 1603
2 2 1603
1 1 1604
1 2 1604
2 2 1604
1 1 1605
1 2 1605
2 2 1605
1 1 1606
1 2 1606
2 2 1606
1 1 1607
1 2 1607
2 2 1607
1 1 1608
1 2 1608
2 2 1608
1 1 1609
1 2 1609
2 2 1609
1 1 1610
1 2 1610
2 2 1610
1 1 1611
1 2 1611
2 2 1611
1 1 1612
1 2 1612
2 2 1612
1 1 1613
1 2 1613
2 2 1613
1 1 1614
1 2 1614
2 2 1614
1 1 1615
1 2 1615
2 2 1615
1 1 1616
1 2 1616
2 2 1616
1 1 1617
1 2 1617
2 2 1617
1 1 1618
1 2 1618
2 2 1618
1 1 1619
1 2 1619
2 2 1619
1 1 1620
1 2 1620
2 2 1620
1 1 1621
1 2 1621
2 2 1621
1 1 1622
1 2 1622
2 2 1622
1 1 1623
1 2 1623
2 2 1623
1 1 1624
1 2 1624
2 2 1624
1 1 1625
1 2 1625
2 2 1625
1 1 1626
1 2 1626
2 2 1626
1 1 1627
1 2 1627
2 2 1627
1 1 1628
1 2 1628
2 2 1628
1 1 1629
1 2 1629
2 2 1629
1 1 1630
1 2 1630
2 2 1630
1 1 1631
1 2 1631
2 2 1631
1 1 1632
1 2 1632
2 2 1632
1 1 1633
1 2 1633
2 2 1633
1 1 1634
1 2 1634
2 2 1634
1 1 1635
1 2 1635
2 2 1635
1 1 1636
1 2 1636
2 2 1636
1 1 1637
1 2 1637
2 2 1637
1 1 1638
1 2 1638
2 2 1638
1 1 1639
1 2 1639
2 2 1639
1 1 1640
1 2 1640
2 2 1640
1 1 1641
1 2 1641
2 2 1641
1 1 1642
1 2 1642
2 2 1642
1 1 1643
1 2 1643
2 2 1643
1 1 1644
1 2 1644
2 2 1644
1 1 1645
1 2 1645
2 2 1645
1 1 1646
1 2 1646
2 2 1646
1 1 1647
1 2 1647
2 2 1647
1 1 1648
1 2 1648
2 2 1648
1 1 1649
1 2 1649
2 2 1649
1 1 1650
1 2 1650
2 2 1650
1 1 1651
1 2 1651
2 2 1651
1 1 1652
1 2 1652
2 2 1652
1 1 1653
1 2 1653
2 2 1653
1 1 1654
1 2 1654
2 2 1654
1 1 1655
1 2 1655
2 2 1655
1 1 1656
1 2 1656
2 2 1656
1 1 1657
1 2 1657
2 2 1657
1 1 1658
1 2 1658
2 2 1658
1 1 1659
1 2 1659
2 2 1659
1 1 1660
1 2 1660
2 2 1660
1 1 1661
1 2 1661
2 2 1661
1 1 1662
1 2 1662
2 2 1662
1 1 1663
1 2 1663
2 2 1663
1 1 1664
1 2 1664
2 2 1664
1 1 1665
1 2 1665
2 2 1665
1 1 1666
1 2 1666
2 2 1666
1 1 1667
1 2 1667
2 2 1667
1 1 1668
1 2 1668
2 2 1668
1 1 1669
1 2 1669
2 2 1669
1 1 1670
1 2 1670
2 2 1670
1 1 1671
1 2 1671
2 2 1671
1 1 1672
1 2 1672
2 2 1672
1 1 1673
1 2 1673
2 2 1673
1 1 1674
1 2 1674
2 2 1674
1 1 1675
1 2 1675
2 2 1675
1 1 1676
1 2 1676
2 2 1676
1 1 1677
1 2 1677
2 2 1677
1 1 1678
1 2 1678
2 2 1678
1 1 1679
1 2 1679
2 2 1679
1 1 1680
1 2 1680
2 2 1680
1 1 1681
1 2 1681
2 2 1681
1 1 1682
1 2 1682
2 2 1682
1 1 1683
1 2 1683
2 2 1683
1 1 1684
1 2 1684
2 2 1684
1 1 1685
1 2 1685
2 2 1685
1 1 1686
1 2 1686
2 2 1686
1 1 1687
1 2 1687
2 2 1687
1 1 1688
1 2 1688
2 2 1688
1 1 1689
1 2 1689
2 2 1689
1 1 1690
1 2 1690
2 2 1690
1 1 1691
1 2 1691
2 2 1691
1 1 1692
1 2 1692
2 2 1692
1 1 1693
1 2 1693
2 2 1693
1 1 1694
1 2 1694
2 2 1694
1 1 1695
1 2 1695
2 2 1695
1 1 1696
1 2 1696
2 2 1696
1 1 1697
1 2 1697
2 2 1697
1 1 1698
1 2 1698
2 2 1698
1 1 1699
1 2 1699
2 2 1699
1 1 1700
1 2 1700
2 2 1700
1 1 1701
1 2 1701
2 2 1701
1 1 1702
1 2 1702
2 2 1702
1 1 1703
1 2 1703
2 2 1703
1 1 1704
1 2 1704
2 2 1704
1 1 1705
1 2 1705
2 2 1705
1 1 1706
1 2 1706
2 2 1706
1 1 1707
1 2 1707
2 2 1707
1 1 1708
1 2 1708
2 2 1708
1 1 1709
1 2 1709
2 2 1709
1 1 1710
1 2 1710
2 2 1710
1 1 1711
1 2 1711
2 2 1711
1 1 1712
1 2 1712
2 2 1712
1 1 1713
1 2 1713
2 2 1713
1 1 1714
1 2 1714
2 2 1714
1 1 1715
1 2 1715
2 2 1715
1 1 1716
1 2 1716
2 2 1716
1 1 1717
1 2 1717
2 2 1717
1 1 1718
1 2 1718
2 2 1718
1 1 1719
1 2 1719
2 2 1719
1 1 1720
1 2 1720
2 2 1720
1 1 1721
1 2 1721
2 2 1721
1 1 1722
1 2 1722
2 2 1722
1 1 1723
1 2 1723
2 2 1723
1 1 1724
1 2 1724
2 2 1724
1 1 1725
1 2 1725
2 2 1725
1 1 1726
1 2 1726
2 2 1726
1 1 1727
1 2 1727
2 2 1727
1 1 1728
1 2 1728
2 2 1728
1 1 1729
1 2 1729
2 2 1729
1 1 1730
1 2 1730
2 2 1730
1 1 1731
1 2 1731
2 2 1731
1 1 1732
1 2 1732
2 2 1732
1 1 1733
1 2 1733
2 2 1733
1 1 1734
1 2 1734
2 2 1734
1 1 1735
1 2 1735
2 2 1735
1 1 1736
1 2 1736
2 2 1736
1 1 1737
1 2 1737
2 2 1737
1 1 1738
1 2 1738
2 2 1738
1 1 1739
1 2 1739
2 2 1739
1 1 1740
1 2 1740
2 2 1740
1 1 1741
1 2 1741
2 2 1741
1 1 1742
1 2 1742
2 2 1742
1 1 1743
1 2 1743
2 2 1743
1 1 1744
1 2 1744
2 2 1744
1 1 1745
1 2 1745
2 2 1745
1 1 1746
1 2 1746
2 2 1746
1 1 1747
1 2 1747
2 2 1747
1 1 1748
1 2 1748
2 2 1748
1 1 1749
1 2 1749
2 2 1749
1 1 1750
1 2 1750
2 2 1750
1 1 1751
1 2 1751
2 2 1751
1 1 1752
1 2 1752
2 2 1752
1 1 1753
1 2 1753
2 2 1753
1 1 1754
1 2 1754
2 2 1754
1 1 1755
1 2 1755
2 2 1755
1 1 1756
1 2 1756
2 2 1756
1 1 1757
1 2 1757
2 2 1757
1 1 1758
1 2 1758
2 2 1758
1 1 1759
1 2 1759
2 2 1759
1 1 1760
1 2 1760
2 2 1760
1 1 1761
1 2 1761
2 2 1761
1 1 1762
1 2 1762
2 2 1762
1 1 1763
1 2 1763
2 2 1763
1 1 1764
1 2 1764
2 2 1764
1 1 1765
1 2 1765
2 2 1765
1 1 1766
1 2 1766
2 2 1766
1 1 1767
1 2 1767
2 2 1767
1 1 1768
1 2 1768
2 2 1768
1 1 1769
1 2 1769
2 2 1769
1 1 1770
1 2 1770
2 2 1770
1 1 1771
1 2 1771
2 2 1771
1 1 1772
1 2 1772
2 2 1772
1 1 1773
1 2 1773
2 2 1773
1 1 1774
1 2 1774
2 2 1774
1 1 1775
1 2 1775
2 2 1775
1 1 1776
1 2 1776
2 2 1776
1 1 1777
1 2 1777
2 2 1777
1 1 1778
1 2 1778
2 2 1778
1 1 1779
1 2 1779
2 2 1779
1 1 1780
1 2 1780
2 2 1780
1 1 1781
1 2 1781
2 2 1781
1 1 1782
1 2 1782
2 2 1782
1 1 1783
1 2 1783
2 2 1783
1 1 1784
1 2 1784
2 2 1784
1 1 1785
1 2 1785
2 2 1785
1 1 1786
1 2 1786
2 2 1786
1 1 1787
1 2 1787
2 2 1787
1 1 1788
1 2 1788
2 2 1788
1 1 1789
1 2 1789
2 2 1789
1 1 1790
1 2 1790
2 2 1790
1 1 1791
1 2 1791
2 2 1791
1 1 1792
1 2 1792
2 2 1792
1 1 1793
1 2 1793
2 2 1793
1 1 1794
1 2 1794
2 2 1794
1 1 1795
1 2 1795
2 2 1795
1 1 1796
1 2 1796
2 2 1796
1 1 1797
1 2 1797
2 2 1797
1 1 1798
1 2 1798
2 2 1798
1 1 1799
1 2 1799
2 2 1799
1 1 1800
1 2 1800
2 2 1800
1 1 1801
1 2 1801
2 2 1801
1 1 1802
1 2 1802
2 2 1802
1 1 1803
1 2 1803
2 2 1803
1 1 1804
1 2 1804
2 2 1804
1 1 1805
1 2 1805
2 2 1805
1 1 1806
1 2 1806
2 2 1806
1 1 1807
1 2 1807
2 2 1807
1 1 1808
1 2 1808
2 2 1808
1 1 1809
1 2 1809
2 2 1809
1 1 1810
1 2 1810
2 2 1810
1 1 1811
1 2 1811
2 2 1811
1 1 1812
1 2 1812
2 2 1812
1 1 1813
1 2 1813
2 2 1813
1 1 1814
1 2 1814
2 2 1814
1 1 1815
1 2 1815
2 2 1815
1 1 1816
1 2 1816
2 2 1816
1 1 1817
1 2 1817
2 2 1817
1 1 1818
1 2 1818
2 2 1818
1 1 1819
1 2 1819
2 2 1819
1 1 1820
1 2 1820
2 2 1820
1 1 1821
1 2 1821
2 2 1821
1 1 1822
1 2 1822
2 2 1822
1 1 1823
1 2 1823
2 2 1823
1 1 1824
1 2 1824
2 2 1824
1 1 1825
1 2 1825
2 2 1825
1 1 1826
1 2 1826
2 2 1826
1 1 1827
1 2 1827
2 2 1827
1 1 1828
1 2 1828
2 2 1828
1 1 1829
1 2 1829
2 2 1829
1 1 1830
1 2 1830
2 2 1830
1 1 1831
1 2 1831
2 2 1831
1 1 1832
1 2 1832
2 2 1832
1 1 1833
1 2 1833
2 2 1833
1 1 1834
1 2 1834
2 2 1834
1 1 1835
1 2 1835
2 2 1835
1 1 1836
1 2 1836
2 2 1836
1 1 1837
1 2 1837
2 2 1837
1 1 1838
1 2 1838
2 2 1838
1 1 1839
1 2 1839
2 2 1839
1 1 1840
1 2 1840
2 2 1840
1 1 1841
1 2 1841
2 2 1841
1 1 1842
1 2 1842
2 2 1842
1 1 1843
1 2 1843
2 2 1843
1 1 1844
1 2 1844
2 2 1844
1 1 1845
1 2 1845
2 2 1845
1 1 1846
1 2 1846
2 2 1846
1 1 1847
1 2 1847
2 2 1847
1 1 1848
1 2 1848
2 2 1848
1 1 1849
1 2 1849
2 2 1849
1 1 1850
1 2 1850
2 2 1850
1 1 1851
1 2 1851
2 2 1851
1 1 1852
1 2 1852
2 2 1852
1 1 1853
1 2 1853
2 2 1853
1 1 1854
1 2 1854
2 2 1854
1 1 1855
1 2 1855
2 2 1855
1 1 1856
1 2 1856
2 2 1856
1 1 1857
1 2 1857
2 2 1857
1 1 1858
1 2 1858
2 2 1858
1 1 1859
1 2 1859
2 2 1859
1 1 1860
1 2 1860
2 2 1860
1 1 1861
1 2 1861
2 2 1861
1 1 1862
1 2 1862
2 2 1862
1 1 1863
1 2 1863
2 2 1863
1 1 1864
1 2 1864
2 2 1864
1 1 1865
1 2 1865
2 2 1865
1 1 1866
1 2 1866
2 2 1866
1 1 1867
1 2 1867
2 2 1867
1 1 1868
1 2 1868
2 2 1868
1 1 1869
1 2 1869
2 2 1869
1 1 1870
1 2 1870
2 2 1870
1 1 1871
1 2 1871
2 2 1871
1 1 1872
1 2 1872
2 2 1872
1 1 1873
1 2 1873
2 2 1873
1 1 1874
1 2 1874
2 2 1874
1 1 1875
1 2 1875
2 2 1875
1 1 1876
1 2 1876
2 2 1876
1 1 1877
1 2 1877
2 2 1877
1 1 1878
1 2 1878
2 2 1878
1 1 1879
1 2 1879
2 2 1879
1 1 1880
1 2 1880
2 2 1880
1 1 1881
1 2 1881
2 2 1881
1 1 1882
1 2 1882
2 2 1882
1 1 1883
1 2 1883
2 2 1883
1 1 1884
1 2 1884
2 2 1884
1 1 1885
1 2 1885
2 2 1885
1 1 1886
1 2 1886
2 2 1886
1 1 1887
1 2 1887
2 2 1887
1 1 1888
1 2 1888
2 2 1888
1 1 1889
1 2 1889
2 2 1889
1 1 1890
1 2 1890
2 2 1890
1 1 1891
1 2 1891
2 2 1891
1 1 1892
1 2 1892
2 2 1892
1 1 1893
1 2 1893
2 2 1893
1 1 1894
1 2 1894
2 2 1894
1 1 1895
1 2 1895
2 2 1895
1 1 1896
1 2 1896
2 2 1896
1 1 1897
1 2 1897
2 2 1897
1 1 1898
1 2 1898
2 2 1898
1 1 1899
1 2 1899
2 2 1899
1 1 1900
1 2 1900
2 2 1900
1 1 1901
1 2 1901
2 2 1901
1 1 1902
1 2 1902
2 2 1902
1 1 1903
1 2 1903
2 2 1903
1 1 1904
1 2 1904
2 2 1904
1 1 1905
1 2 1905
2 2 1905
1 1 1906
1 2 1906
2 2 1906
1 1 1907
1 2 1907
2 2 1907
1 1 1908
1 2 1908
2 2 1908
1 1 1909
1 2 1909
2 2 1909
1 1 1910
1 2 1910
2 2 1910
1 1 1911
1 2 1911
2 2 1911
1 1 1912
1 2 1912
2 2 1912
1 1 1913
1 2 1913
2 2 1913
1 1 1914
1 2 1914
2 2 1914
1 1 1915
1 2 1915
2 2 1915
1 1 1916
1 2 1916
2 2 1916
1 1 1917
1 2 1917
2 2 1917
1 1 1918
1 2 1918
2 2 1918
1 1 1919
1 2 1919
2 2 1919
1 1 1920
1 2 1920
2 2 1920
1 1 1921
1 2 1921
2 2 1921
1 1 1922
1 2 1922
2 2 1922
1 1 1923
1 2 1923
2 2 1923
1 1 1924
1 2 1924
2 2 1924
1 1 1925
1 2 1925
2 2 1925
1 1 1926
1 2 1926
2 2 1926
1 1 1927
1 2 1927
2 2 1927
1 1 1928
1 2 1928
2 2 1928
1 1 1929
1 2 1929
2 2 1929
1 1 1930
1 2 1930
2 2 1930
1 1 1931
1 2 1931
2 2 1931
1 1 1932
1 2 1932
2 2 1932
1 1 1933
1 2 1933
2 2 1933
1 1 1934
1 2 1934
2 2 1934
1 1 1935
1 2 1935
2 2 1935
1 1 1936
1 2 1936
2 2 1936
1 1 1937
1 2 1937
2 2 1937
1 1 1938
1 2 1938
2 2 1938
1 1 1939
1 2 1939
2 2 1939
1 1 1940
1 2 1940
2 2 1940
1 1 1941
1 2 1941
2 2 1941
1 1 1942
1 2 1942
2 2 1942
1 1 1943
1 2 1943
2 2 1943
1 1 1944
1 2 1944
2 2 1944
1 1 1945
1 2 1945
2 2 1945
1 1 1946
1 2 1946
2 2 1946
1 1 1947
1 2 1947
2 2 1947
1 1 1948
1 2 1948
2 2 1948
1 1 1949
1 2 1949
2 2 1949
1 1 1950
1 2 1950
2 2 1950
1 1 1951
1 2 1951
2 2 1951
1 1 1952
1 2 1952
2 2 1952
1 1 1953
1 2 1953
2 2 1953
1 1 1954
1 2 1954
2 2 1954
1 1 1955
1 2 1955
2 2 1955
1 1 1956
1 2 1956
2 2 1956
1 1 1957
1 2 1957
2 2 1957
1 1 1958
1 2 1958
2 2 1958
1 1 1959
1 2 1959
2 2 1959
1 1 1960
1 2 1960
2 2 1960
1 1 1961
1 2 1961
2 2 1961
1 1 1962
1 2 1962
2 2 1962
1 1 1963
1 2 1963
2 2 1963
1 1 1964
1 2 1964
2 2 1964
1 1 1965
1 2 1965
2 2 1965
1 1 1966
1 2 1966
2 2 1966
1 1 1967
1 2 1967
2 2 1967
1 1 1968
1 2 1968
2 2 1968
1 1 1969
1 2 1969
2 2 1969
1 1 1970
1 2 1970
2 2 1970
1 1 1971
1 2 1971
2 2 1971
1 1 1972
1 2 1972
2 2 1972
1 1 1973
1 2 1973
2 2 1973
1 1 1974
1 2 1974
2 2 1974
1 1 1975
1 2 1975
2 2 1975
1 1 1976
1 2 1976
2 2 1976
1 1 1977
1 2 1977
2 2 1977
1 1 1978
1 2 1978
2 2 1978
1 1 1979
1 2 1979
2 2 1979
1 1 1980
1 2 1980
2 2 1980
1 1 1981
1 2 1981
2 2 1981
1 1 1982
1 2 1982
2 2 1982
1 1 1983
1 2 1983
2 2 1983
1 1 1984
1 2 1984
2 2 1984
1 1 1985
1 2 1985
2 2 1985
1 1 1986
1 2 1986
2 2 1986
1 1 1987
1 2 1987
2 2 1987
1 1 1988
1 2 1988
2 2 1988
1 1 1989
1 2 1989
2 2 1989
1 1 1990
1 2 1990
2 2 1990
1 1 1991
1 2 1991
2 2 1991
1 1 1992
1 2 1992
2 2 1992
1 1 1993
1 2 1993
2 2 1993
1 1 1994
1 2 1994
2 2 1994
1 1 1995
1 2 1995
2 2 1995
1 1 1996
1 2 1996
2 2 1996
1 1 1997
1 2 1997
2 2 1997
1 1 1998
1 2 1998
2 2 1998
1 1 1999
1 2 1999
2 2 1999
1 1 2000
1 2 2000
2 2 2000
1 1 2001
1 2 2001
2 2 2001
