3
1
1
1
1
1
4
1
1
1
1
1
5
1
1
1
1
1
6
1
1
1
1
1
7
1
1
1
1
1
8
1
1
1
1
1
9
1
1
1
1
1
10
1
1
1
1
1
11
1
1
1
1
1
12
1
1
1
1
1
13
1
1
1
1
1
14
1
1
1
1
1
15
1
1
1
1
1
16
1
1
1
1
1
17
1
1
1
1
1
18
1
1
1
1
1
19
1
1
1
1
1
20
1
1
1
1
1
21
1
1
1
1
1
22
1
1
1
1
1
23
1
1
1
1
1
24
1
1
1
1
1
25
1
1
1
1
1
26
1
1
1
1
1
27
1
1
1
1
1
28
1
1
1
1
1
29
1
1
1
1
1
30
1
1
1
1
1
31
1
1
1
1
1
32
1
1
1
1
1
33
1
1
1
1
1
34
1
1
1
1
1
35
1
1
1
1
1
36
1
1
1
1
1
37
1
1
1
1
1
38
1
1
1
1
1
39
1
1
1
1
1
40
1
1
1
1
1
41
1
1
1
1
1
42
1
1
1
1
1
43
1
1
1
1
1
44
1
1
1
1
1
45
1
1
1
1
1
46
1
1
1
1
1
47
1
1
1
1
1
48
1
1
1
1
1
49
1
1
1
1
1
50
1
1
1
1
1
51
1
1
1
1
1
52
1
1
1
1
1
53
1
1
1
1
1
54
1
1
1
1
1
55
1
1
1
1
1
56
1
1
1
1
1
57
1
1
1
1
1
58
1
1
1
1
1
59
1
1
1
1
1
60
1
1
1
1
1
61
1
1
1
1
1
62
1
1
1
1
1
63
1
1
1
1
1
64
1
1
1
1
1
65
1
1
1
1
1
66
1
1
1
1
1
67
1
1
1
1
1
68
1
1
1
1
1
69
1
1
1
1
1
70
1
1
1
1
1
71
1
1
1
1
1
72
1
1
1
1
1
73
1
1
1
1
1
74
1
1
1
1
1
75
1
1
1
1
1
76
1
1
1
1
1
77
1
1
1
1
1
78
1
1
1
1
1
79
1
1
1
1
1
80
1
1
1
1
1
81
1
1
1
1
1
82
1
1
1
1
1
83
1
1
1
1
1
84
1
1
1
1
1
85
1
1
1
1
1
86
1
1
1
1
1
87
1
1
1
1
1
88
1
1
1
1
1
89
1
1
1
1
1
90
1
1
1
1
1
91
1
1
1
1
1
92
1
1
1
1
1
93
1
1
1
1
1
94
1
1
1
1
1
95
1
1
1
1
1
96
1
1
1
1
1
97
1
1
1
1
1
98
1
1
1
1
1
99
1
1
1
1
1
100
1
1
1
1
1
101
1
1
1
1
1
102
1
1
1
1
1
103
1
1
1
1
1
104
1
1
1
1
1
105
1
1
1
1
1
106
1
1
1
1
1
107
1
1
1
1
1
108
1
1
1
1
1
109
1
1
1
1
1
110
1
1
1
1
1
111
1
1
1
1
1
112
1
1
1
1
1
113
1
1
1
1
1
114
1
1
1
1
1
115
1
1
1
1
1
116
1
1
1
1
1
117
1
1
1
1
1
118
1
1
1
1
1
119
1
1
1
1
1
120
1
1
1
1
1
121
1
1
1
1
1
122
1
1
1
1
1
123
1
1
1
1
1
124
1
1
1
1
1
125
1
1
1
1
1
126
1
1
1
1
1
127
1
1
1
1
1
128
1
1
1
1
1
129
1
1
1
1
1
130
1
1
1
1
1
131
1
1
1
1
1
132
1
1
1
1
1
133
1
1
1
1
1
134
1
1
1
1
1
135
1
1
1
1
1
136
1
1
1
1
1
137
1
1
1
1
1
138
1
1
1
1
1
139
1
1
1
1
1
140
1
1
1
1
1
141
1
1
1
1
1
142
1
1
1
1
1
143
1
1
1
1
1
144
1
1
1
1
1
145
1
1
1
1
1
146
1
1
1
1
1
147
1
1
1
1
1
148
1
1
1
1
1
149
1
1
1
1
1
150
1
1
1
1
1
151
1
1
1
1
1
152
1
1
1
1
1
153
1
1
1
1
1
154
1
1
1
1
1
155
1
1
1
1
1
156
1
1
1
1
1
157
1
1
1
1
1
158
1
1
1
1
1
159
1
1
1
1
1
160
1
1
1
1
1
161
1
1
1
1
1
162
1
1
1
1
1
163
1
1
1
1
1
164
1
1
1
1
1
165
1
1
1
1
1
166
1
1
1
1
1
167
1
1
1
1
1
168
1
1
1
1
1
169
1
1
1
1
1
170
1
1
1
1
1
171
1
1
1
1
1
172
1
1
1
1
1
173
1
1
1
1
1
174
1
1
1
1
1
175
1
1
1
1
1
176
1
1
1
1
1
177
1
1
1
1
1
178
1
1
1
1
1
179
1
1
1
1
1
180
1
1
1
1
1
181
1
1
1
1
1
182
1
1
1
1
1
183
1
1
1
1
1
184
1
1
1
1
1
185
1
1
1
1
1
186
1
1
1
1
1
187
1
1
1
1
1
188
1
1
1
1
1
189
1
1
1
1
1
190
1
1
1
1
1
191
1
1
1
1
1
192
1
1
1
1
1
193
1
1
1
1
1
194
1
1
1
1
1
195
1
1
1
1
1
196
1
1
1
1
1
197
1
1
1
1
1
198
1
1
1
1
1
199
1
1
1
1
1
200
1
1
1
1
1
201
1
1
1
1
1
202
1
1
1
1
1
203
1
1
1
1
1
204
1
1
1
1
1
205
1
1
1
1
1
206
1
1
1
1
1
207
1
1
1
1
1
208
1
1
1
1
1
209
1
1
1
1
1
210
1
1
1
1
1
211
1
1
1
1
1
212
1
1
1
1
1
213
1
1
1
1
1
214
1
1
1
1
1
215
1
1
1
1
1
216
1
1
1
1
1
217
1
1
1
1
1
218
1
1
1
1
1
219
1
1
1
1
1
220
1
1
1
1
1
221
1
1
1
1
1
222
1
1
1
1
1
223
1
1
1
1
1
224
1
1
1
1
1
225
1
1
1
1
1
226
1
1
1
1
1
227
1
1
1
1
1
228
1
1
1
1
1
229
1
1
1
1
1
230
1
1
1
1
1
231
1
1
1
1
1
232
1
1
1
1
1
233
1
1
1
1
1
234
1
1
1
1
1
235
1
1
1
1
1
236
1
1
1
1
1
237
1
1
1
1
1
238
1
1
1
1
1
239
1
1
1
1
1
240
1
1
1
1
1
241
1
1
1
1
1
242
1
1
1
1
1
243
1
1
1
1
1
244
1
1
1
1
1
245
1
1
1
1
1
246
1
1
1
1
1
247
1
1
1
1
1
248
1
1
1
1
1
249
1
1
1
1
1
250
1
1
1
1
1
251
1
1
1
1
1
252
1
1
1
1
1
253
1
1
1
1
1
254
1
1
1
1
1
255
1
1
1
1
1
256
1
1
1
1
1
257
1
1
1
1
1
258
1
1
1
1
1
259
1
1
1
1
1
260
1
1
1
1
1
261
1
1
1
1
1
262
1
1
1
1
1
263
1
1
1
1
1
264
1
1
1
1
1
265
1
1
1
1
1
266
1
1
1
1
1
267
1
1
1
1
1
268
1
1
1
1
1
269
1
1
1
1
1
270
1
1
1
1
1
271
1
1
1
1
1
272
1
1
1
1
1
273
1
1
1
1
1
274
1
1
1
1
1
275
1
1
1
1
1
276
1
1
1
1
1
277
1
1
1
1
1
278
1
1
1
1
1
279
1
1
1
1
1
280
1
1
1
1
1
281
1
1
1
1
1
282
1
1
1
1
1
283
1
1
1
1
1
284
1
1
1
1
1
285
1
1
1
1
1
286
1
1
1
1
1
287
1
1
1
1
1
288
1
1
1
1
1
289
1
1
1
1
1
290
1
1
1
1
1
291
1
1
1
1
1
292
1
1
1
1
1
293
1
1
1
1
1
294
1
1
1
1
1
295
1
1
1
1
1
296
1
1
1
1
1
297
1
1
1
1
1
298
1
1
1
1
1
299
1
1
1
1
1
300
1
1
1
1
1
301
1
1
1
1
1
302
1
1
1
1
1
303
1
1
1
1
1
304
1
1
1
1
1
305
1
1
1
1
1
306
1
1
1
1
1
307
1
1
1
1
1
308
1
1
1
1
1
309
1
1
1
1
1
310
1
1
1
1
1
311
1
1
1
1
1
312
1
1
1
1
1
313
1
1
1
1
1
314
1
1
1
1
1
315
1
1
1
1
1
316
1
1
1
1
1
317
1
1
1
1
1
318
1
1
1
1
1
319
1
1
1
1
1
320
1
1
1
1
1
321
1
1
1
1
1
322
1
1
1
1
1
323
1
1
1
1
1
324
1
1
1
1
1
325
1
1
1
1
1
326
1
1
1
1
1
327
1
1
1
1
1
328
1
1
1
1
1
329
1
1
1
1
1
330
1
1
1
1
1
331
1
1
1
1
1
332
1
1
1
1
1
333
1
1
1
1
1
334
1
1
1
1
1
335
1
1
1
1
1
336
1
1
1
1
1
337
1
1
1
1
1
338
1
1
1
1
1
339
1
1
1
1
1
340
1
1
1
1
1
341
1
1
1
1
1
342
1
1
1
1
1
343
1
1
1
1
1
344
1
1
1
1
1
345
1
1
1
1
1
346
1
1
1
1
1
347
1
1
1
1
1
348
1
1
1
1
1
349
1
1
1
1
1
350
1
1
1
1
1
351
1
1
1
1
1
352
1
1
1
1
1
353
1
1
1
1
1
354
1
1
1
1
1
355
1
1
1
1
1
356
1
1
1
1
1
357
1
1
1
1
1
358
1
1
1
1
1
359
1
1
1
1
1
360
1
1
1
1
1
361
1
1
1
1
1
362
1
1
1
1
1
363
1
1
1
1
1
364
1
1
1
1
1
365
1
1
1
1
1
366
1
1
1
1
1
367
1
1
1
1
1
368
1
1
1
1
1
369
1
1
1
1
1
370
1
1
1
1
1
371
1
1
1
1
1
372
1
1
1
1
1
373
1
1
1
1
1
374
1
1
1
1
1
375
1
1
1
1
1
376
1
1
1
1
1
377
1
1
1
1
1
378
1
1
1
1
1
379
1
1
1
1
1
380
1
1
1
1
1
381
1
1
1
1
1
382
1
1
1
1
1
383
1
1
1
1
1
384
1
1
1
1
1
385
1
1
1
1
1
386
1
1
1
1
1
387
1
1
1
1
1
388
1
1
1
1
1
389
1
1
1
1
1
390
1
1
1
1
1
391
1
1
1
1
1
392
1
1
1
1
1
393
1
1
1
1
1
394
1
1
1
1
1
395
1
1
1
1
1
396
1
1
1
1
1
397
1
1
1
1
1
398
1
1
1
1
1
399
1
1
1
1
1
400
1
1
1
1
1
401
1
1
1
1
1
402
1
1
1
1
1
403
1
1
1
1
1
404
1
1
1
1
1
405
1
1
1
1
1
406
1
1
1
1
1
407
1
1
1
1
1
408
1
1
1
1
1
409
1
1
1
1
1
410
1
1
1
1
1
411
1
1
1
1
1
412
1
1
1
1
1
413
1
1
1
1
1
414
1
1
1
1
1
415
1
1
1
1
1
416
1
1
1
1
1
417
1
1
1
1
1
418
1
1
1
1
1
419
1
1
1
1
1
420
1
1
1
1
1
421
1
1
1
1
1
422
1
1
1
1
1
423
1
1
1
1
1
424
1
1
1
1
1
425
1
1
1
1
1
426
1
1
1
1
1
427
1
1
1
1
1
428
1
1
1
1
1
429
1
1
1
1
1
430
1
1
1
1
1
431
1
1
1
1
1
432
1
1
1
1
1
433
1
1
1
1
1
434
1
1
1
1
1
435
1
1
1
1
1
436
1
1
1
1
1
437
1
1
1
1
1
438
1
1
1
1
1
439
1
1
1
1
1
440
1
1
1
1
1
441
1
1
1
1
1
442
1
1
1
1
1
443
1
1
1
1
1
444
1
1
1
1
1
445
1
1
1
1
1
446
1
1
1
1
1
447
1
1
1
1
1
448
1
1
1
1
1
449
1
1
1
1
1
450
1
1
1
1
1
451
1
1
1
1
1
452
1
1
1
1
1
453
1
1
1
1
1
454
1
1
1
1
1
455
1
1
1
1
1
456
1
1
1
1
1
457
1
1
1
1
1
458
1
1
1
1
1
459
1
1
1
1
1
460
1
1
1
1
1
461
1
1
1
1
1
462
1
1
1
1
1
463
1
1
1
1
1
464
1
1
1
1
1
465
1
1
1
1
1
466
1
1
1
1
1
467
1
1
1
1
1
468
1
1
1
1
1
469
1
1
1
1
1
470
1
1
1
1
1
471
1
1
1
1
1
472
1
1
1
1
1
473
1
1
1
1
1
474
1
1
1
1
1
475
1
1
1
1
1
476
1
1
1
1
1
477
1
1
1
1
1
478
1
1
1
1
1
479
1
1
1
1
1
480
1
1
1
1
1
481
1
1
1
1
1
482
1
1
1
1
1
483
1
1
1
1
1
484
1
1
1
1
1
485
1
1
1
1
1
486
1
1
1
1
1
487
1
1
1
1
1
488
1
1
1
1
1
489
1
1
1
1
1
490
1
1
1
1
1
491
1
1
1
1
1
492
1
1
1
1
1
493
1
1
1
1
1
494
1
1
1
1
1
495
1
1
1
1
1
496
1
1
1
1
1
497
1
1
1
1
1
498
1
1
1
1
1
499
1
1
1
1
1
500
1
1
1
1
1
501
1
1
1
1
1
502
1
1
1
1
1
503
1
1
1
1
1
504
1
1
1
1
1
505
1
1
1
1
1
506
1
1
1
1
1
507
1
1
1
1
1
508
1
1
1
1
1
509
1
1
1
1
1
510
1
1
1
1
1
511
1
1
1
1
1
512
2
1
1
1
1
513
3
1
1
1
1
514
4
1
2
1
1
515
5
1
3
1
1
516
6
1
4
1
1
517
7
1
5
1
1
518
8
1
6
1
1
519
9
1
7
1
1
520
10
1
8
1
1
521
11
1
9
1
1
522
12
1
10
1
1
523
13
1
11
1
1
524
14
1
12
1
1
525
15
1
13
1
1
526
16
1
14
1
1
527
17
1
15
1
1
528
18
1
16
1
1
529
19
1
17
1
1
530
20
1
18
1
1
531
21
1
19
1
1
532
22
1
20
1
1
533
23
1
21
1
1
534
24
1
22
1
1
535
25
1
23
1
1
536
26
1
24
1
1
537
27
1
25
1
1
538
28
1
26
1
1
539
29
1
27
1
1
540
30
1
28
1
1
541
31
1
29
1
1
542
32
1
30
1
1
543
33
1
31
1
1
544
34
1
32
1
1
545
35
1
33
1
1
546
36
1
34
1
1
547
37
1
35
1
1
548
38
1
36
1
1
549
39
1
37
1
1
550
40
1
38
1
1
551
41
1
39
1
1
552
42
1
40
1
1
553
43
1
41
1
1
554
44
1
42
1
1
555
45
1
43
1
1
556
46
1
44
1
1
557
47
1
45
1
1
558
48
1
46
1
1
559
49
1
47
1
1
560
50
1
48
1
1
561
51
1
49
1
1
562
52
1
50
1
1
563
53
1
51
1
1
564
54
1
52
1
1
565
55
1
53
1
1
566
56
1
54
1
1
567
57
1
55
1
1
568
58
1
56
1
1
569
59
1
57
1
1
570
60
1
58
1
1
571
61
1
59
1
1
572
62
1
60
1
1
573
63
1
61
1
1
574
64
1
62
1
1
575
65
1
63
1
1
576
66
1
64
1
1
577
67
1
65
1
1
578
68
1
66
1
1
579
69
1
67
1
1
580
70
1
68
1
1
581
71
1
69
1
1
582
72
1
70
1
1
583
73
1
71
1
1
584
74
1
72
1
1
585
75
1
73
1
1
586
76
1
74
1
1
587
77
1
75
1
1
588
78
1
76
1
1
589
79
1
77
1
1
590
80
1
78
1
1
591
81
1
79
1
1
592
82
1
80
1
1
593
83
1
81
1
1
594
84
1
82
1
1
595
85
1
83
1
1
596
86
1
84
1
1
597
87
1
85
1
1
598
88
1
86
1
1
599
89
1
87
1
1
600
90
1
88
1
1
601
91
1
89
1
1
602
92
1
90
1
1
603
93
1
91
1
1
604
94
1
92
1
1
605
95
1
93
1
1
606
96
1
94
1
1
607
97
1
95
1
1
608
98
1
96
1
1
609
99
1
97
1
1
610
100
1
98
1
1
611
101
1
99
1
1
612
102
1
100
1
1
613
103
1
101
1
1
614
104
1
102
1
1
615
105
1
103
1
1
616
106
1
104
1
1
617
107
1
105
1
1
618
108
1
106
1
1
619
109
1
107
1
1
620
110
1
108
1
1
621
111
1
109
1
1
622
112
1
110
1
1
623
113
1
111
1
1
624
114
1
112
1
1
625
115
1
113
1
1
626
116
1
114
1
1
627
117
1
115
1
1
628
118
1
116
1
1
629
119
1
117
1
1
630
120
1
118
1
1
631
121
1
119
1
1
632
122
1
120
1
1
633
123
1
121
1
1
634
124
1
122
1
1
635
125
1
123
1
1
636
126
1
124
1
1
637
127
1
125
1
1
638
128
1
126
1
1
639
129
1
127
1
1
640
130
1
128
1
1
641
131
1
129
1
1
642
132
1
130
1
1
643
133
1
131
1
1
644
134
1
132
1
1
645
135
1
133
1
1
646
136
1
134
1
1
647
137
1
135
1
1
648
138
1
136
1
1
649
139
1
137
1
1
650
140
1
138
1
1
651
141
1
139
1
1
652
142
1
140
1
1
653
143
1
141
1
1
654
144
1
142
1
1
655
145
1
143
1
1
656
146
1
144
1
1
657
147
1
145
1
1
658
148
1
146
1
1
659
149
1
147
1
1
660
150
1
148
1
1
661
151
1
149
1
1
662
152
1
150
1
1
663
153
1
151
1
1
664
154
1
152
1
1
665
155
1
153
1
1
666
156
1
154
1
1
667
157
1
155
1
1
668
158
1
156
1
1
669
159
1
157
1
1
670
160
1
158
1
1
671
161
1
159
1
1
672
162
1
160
1
1
673
163
1
161
1
1
674
164
1
162
1
1
675
165
1
163
1
1
676
166
1
164
1
1
677
167
1
165
1
1
678
168
1
166
1
1
679
169
1
167
1
1
680
170
1
168
1
1
681
171
1
169
1
1
682
172
1
170
1
1
683
173
1
171
1
1
684
174
1
172
1
1
685
175
1
173
1
1
686
176
1
174
1
1
687
177
1
175
1
1
688
178
1
176
1
1
689
179
1
177
1
1
690
180
1
178
1
1
691
181
1
179
1
1
692
182
1
180
1
1
693
183
1
181
1
1
694
184
1
182
1
1
695
185
1
183
1
1
696
186
1
184
1
1
697
187
1
185
1
1
698
188
1
186
1
1
699
189
1
187
1
1
700
190
1
188
1
1
701
191
1
189
1
1
702
192
1
190
1
1
703
193
1
191
1
1
704
194
1
192
1
1
705
195
1
193
1
1
706
196
1
194
1
1
707
197
1
195
1
1
708
198
1
196
1
1
709
199
1
197
1
1
710
200
1
198
1
1
711
201
1
199
1
1
712
202
1
200
1
1
713
203
1
201
1
1
714
204
1
202
1
1
715
205
1
203
1
1
716
206
1
204
1
1
717
207
1
205
1
1
718
208
1
206
1
1
719
209
1
207
1
1
720
210
1
208
1
1
721
211
1
209
1
1
722
212
1
210
1
1
723
213
1
211
1
1
724
214
1
212
1
1
725
215
1
213
1
1
726
216
1
214
1
1
727
217
1
215
1
1
728
218
1
216
1
1
729
219
1
217
1
1
730
220
1
218
1
1
731
221
1
219
1
1
732
222
1
220
1
1
733
223
1
221
1
1
734
224
1
222
1
1
735
225
1
223
1
1
736
226
1
224
1
1
737
227
1
225
1
1
738
228
1
226
1
1
739
229
1
227
1
1
740
230
1
228
1
1
741
231
1
229
1
1
742
232
1
230
1
1
743
233
1
231
1
1
744
234
1
232
1
1
745
235
1
233
1
1
746
236
1
234
1
1
747
237
1
235
1
1
748
238
1
236
1
1
749
239
1
237
1
1
750
240
1
238
1
1
751
241
1
239
1
1
752
242
1
240
1
1
753
243
1
241
1
1
754
244
1
242
1
1
755
245
1
243
1
1
756
246
1
244
1
1
757
247
1
245
1
1
758
248
1
246
1
1
759
249
1
247
1
1
760
250
1
248
1
1
761
251
1
249
1
1
762
252
1
250
1
1
763
253
1
251
1
1
764
254
1
252
1
1
765
255
1
253
1
1
766
256
1
254
1
1
767
257
1
255
1
1
768
258
1
256
1
1
769
259
1
257
1
1
770
260
1
258
1
1
771
261
1
259
1
1
772
262
1
260
1
1
773
263
1
261
1
1
774
264
1
262
1
1
775
265
1
263
1
1
776
266
1
264
1
1
777
267
1
265
1
1
778
268
1
266
1
1
779
269
1
267
1
1
780
270
1
268
1
1
781
271
1
269
1
1
782
272
1
270
1
1
783
273
1
271
1
1
784
274
1
272
1
1
785
275
1
273
1
1
786
276
1
274
1
1
787
277
1
275
1
1
788
278
1
276
1
1
789
279
1
277
1
1
790
280
1
278
1
1
791
281
1
279
1
1
792
282
1
280
1
1
793
283
1
281
1
1
794
284
1
282
1
1
795
285
1
283
1
1
796
286
1
284
1
1
797
287
1
285
1
1
798
288
1
286
1
1
799
289
1
287
1
1
800
290
1
288
1
1
801
291
1
289
1
1
802
292
1
290
1
1
803
293
1
291
1
1
804
294
1
292
1
1
805
295
1
293
1
1
806
296
1
294
1
1
807
297
1
295
1
1
808
298
1
296
1
1
809
299
1
297
1
1
810
300
1
298
1
1
811
301
1
299
1
1
812
302
1
300
1
1
813
303
1
301
1
1
814
304
1
302
1
1
815
305
1
303
1
1
816
306
1
304
1
1
817
307
1
305
1
1
818
308
1
306
1
1
819
309
1
307
1
1
820
310
1
308
1
1
821
311
1
309
1
1
822
312
1
310
1
1
823
313
1
311
1
1
824
314
1
312
1
1
825
315
1
313
1
1
826
316
1
314
1
1
827
317
1
315
1
1
828
318
1
316
1
1
829
319
1
317
1
1
830
320
1
318
1
1
831
321
1
319
1
1
832
322
1
320
1
1
833
323
1
321
1
1
834
324
1
322
1
1
835
325
1
323
1
1
836
326
1
324
1
1
837
327
1
325
1
2
838
328
1
326
1
3
839
329
1
327
1
4
840
330
1
328
1
5
841
331
1
329
1
6
842
332
1
330
1
7
843
333
1
331
1
8
844
334
1
332
1
9
845
335
1
333
1
10
846
336
1
334
1
11
847
337
1
335
1
12
848
338
1
336
1
13
849
339
1
337
1
14
850
340
1
338
1
15
851
341
1
339
1
16
852
342
1
340
1
17
853
343
1
341
1
18
854
344
1
342
1
19
855
345
1
343
1
20
856
346
1
344
1
21
857
347
1
345
1
22
858
348
1
346
1
23
859
349
1
347
1
24
860
350
1
348
1
25
861
351
1
349
1
26
862
352
1
350
1
27
863
353
1
351
1
28
864
354
1
352
1
29
865
355
1
353
1
30
866
356
1
354
1
31
867
357
1
355
1
32
868
358
1
356
1
33
869
359
1
357
1
34
870
360
1
358
1
35
871
361
1
359
1
36
872
362
1
360
1
37
873
363
1
361
1
38
874
364
1
362
1
39
875
365
1
363
1
40
876
366
1
364
1
41
877
367
1
365
1
42
878
368
1
366
1
43
879
369
1
367
1
44
880
370
1
368
1
45
881
371
1
369
1
46
882
372
1
370
1
47
883
373
1
371
1
48
884
374
1
372
1
49
885
375
1
373
1
50
886
376
1
374
1
51
887
377
1
375
1
52
888
378
1
376
1
53
889
379
1
377
1
54
890
380
1
378
1
55
891
381
1
379
1
56
892
382
1
380
1
57
893
383
1
381
1
58
894
384
1
382
1
59
895
385
1
383
1
60
896
386
1
384
1
61
897
387
1
385
1
62
898
388
1
386
1
63
899
389
1
387
1
64
900
390
1
388
1
65
901
391
1
389
1
66
902
392
1
390
1
67
903
393
1
391
1
68
904
394
1
392
1
69
905
395
1
393
1
70
906
396
1
394
1
71
907
397
1
395
1
72
908
398
1
396
1
73
909
399
1
397
1
74
910
400
1
398
1
75
911
401
1
399
1
76
912
402
1
400
1
77
913
403
1
401
1
78
914
404
1
402
1
79
915
405
1
403
1
80
916
406
1
404
1
81
917
407
1
405
1
82
918
408
1
406
1
83
919
409
1
407
1
84
920
410
1
408
1
85
921
411
1
409
1
86
922
412
1
410
1
87
923
413
1
411
1
88
924
414
1
412
1
89
925
415
1
413
1
90
926
416
1
414
1
91
927
417
1
415
1
92
928
418
1
416
1
93
929
419
1
417
1
94
930
420
1
418
1
95
931
421
1
419
1
96
932
422
1
420
1
97
933
423
1
421
1
98
934
424
1
422
1
99
935
425
1
423
1
100
936
426
1
424
1
101
937
427
1
425
1
102
938
428
1
426
1
103
939
429
1
427
1
104
940
430
1
428
1
105
941
431
1
429
1
106
942
432
1
430
1
107
943
433
1
431
1
108
944
434
1
432
1
109
945
435
1
433
1
110
946
436
1
434
1
111
947
437
1
435
1
112
948
438
1
436
1
113
949
439
1
437
1
114
950
440
1
438
1
115
951
441
1
439
1
116
952
442
1
440
1
117
953
443
1
441
1
118
954
444
1
442
1
119
955
445
1
443
1
120
956
446
1
444
1
121
957
447
1
445
1
122
958
448
1
446
1
123
959
449
1
447
1
124
960
450
1
448
1
125
961
451
1
449
1
126
962
452
1
450
1
127
963
453
1
451
1
128
964
454
1
452
1
129
965
455
1
453
1
130
966
456
1
454
1
131
967
457
1
455
1
132
968
458
1
456
1
133
969
459
1
457
1
134
970
460
1
458
1
135
971
461
1
459
1
136
972
462
1
460
1
137
973
463
1
461
1
138
974
464
1
462
1
139
975
465
1
463
1
140
976
466
1
464
1
141
977
467
1
465
1
142
978
468
1
466
1
143
979
469
1
467
1
144
980
470
1
468
1
145
981
471
1
469
1
146
982
472
1
470
1
147
983
473
1
471
1
148
984
474
1
472
1
149
985
475
1
473
1
150
986
476
1
474
1
151
987
477
1
475
1
152
988
478
1
476
1
153
989
479
1
477
1
154
990
480
1
478
1
155
991
481
1
479
1
156
992
482
1
480
1
157
993
483
1
481
1
158
994
484
1
482
1
159
995
485
1
483
1
160
996
486
1
484
1
161
997
487
1
485
1
162
998
488
1
486
1
163
999
489
1
487
1
164
1000
490
1
488
1
165
1001
491
1
489
1
166
1002
492
1
490
1
167
1003
493
1
491
1
168
1004
494
1
492
1
169
1005
495
1
493
1
170
1006
496
1
494
1
171
1007
497
1
495
1
172
1008
498
1
496
1
173
1009
499
1
497
1
174
1010
500
1
498
1
175
1011
501
1
499
1
176
1012
502
1
500
1
177
1013
503
1
501
1
178
1014
504
1
502
1
179
1015
505
1
503
1
180
1016
506
1
504
1
181
1017
507
1
505
1
182
1018
508
1
506
1
183
1019
509
1
507
1
184
1020
510
1
508
1
185
1021
511
1
509
1
186
1022
512
1
510
1
187
1023
513
1
511
1
188
1024
514
1
512
1
189
1025
515
1
513
1
190
1026
516
1
514
1
191
1027
517
1
515
1
192
1028
518
1
516
1
193
1029
519
1
517
1
194
1030
520
1
518
1
195
1031
521
1
519
1
196
1032
522
1
520
1
197
1033
523
1
521
1
198
1034
524
1
522
1
199
1035
525
1
523
1
200
1036
526
1
524
1
201
1037
527
1
525
1
202
1038
528
1
526
1
203
1039
529
1
527
1
204
1040
530
1
528
1
205
1041
531
1
529
1
206
1042
532
1
530
1
207
1043
533
1
531
1
208
1044
534
1
532
1
209
1045
535
1
533
1
210
1046
536
1
534
1
211
1047
537
1
535
1
212
1048
538
1
536
1
213
1049
539
1
537
1
214
1050
540
1
538
1
215
1051
541
1
539
1
216
1052
542
1
540
1
217
1053
543
1
541
1
218
1054
544
1
542
1
219
1055
545
1
543
1
220
1056
546
1
544
1
221
1057
547
1
545
1
222
1058
548
1
546
1
223
1059
549
1
547
1
224
1060
550
1
548
1
225
1061
551
1
549
1
226
1062
552
1
550
1
227
1063
553
1
551
1
228
1064
554
1
552
1
229
1065
555
1
553
1
230
1066
556
1
554
1
231
1067
557
1
555
1
232
1068
558
1
556
1
233
1069
559
1
557
1
234
1070
560
1
558
1
235
1071
561
1
559
1
236
1072
562
1
560
1
237
1073
563
1
561
1
238
1074
564
1
562
1
239
1075
565
1
563
1
240
1076
566
1
564
1
241
1077
567
1
565
1
242
1078
568
1
566
1
243
1079
569
1
567
1
244
1080
570
1
568
1
245
1081
571
1
569
1
246
1082
572
1
570
1
247
1083
573
1
571
1
248
1084
574
1
572
1
249
1085
575
1
573
1
250
1086
576
1
574
1
251
1087
577
1
575
1
252
1088
578
1
576
1
253
1089
579
1
577
1
254
1090
580
1
578
1
255
1091
581
1
579
1
256
1092
582
1
580
1
257
1093
583
1
581
1
258
1094
584
1
582
1
259
1095
585
1
583
1
260
1096
586
1
584
1
261
1097
587
1
585
1
262
1098
588
1
586
1
263
1099
589
1
587
1
264
1100
590
1
588
1
265
1101
591
1
589
1
266
1102
592
1
590
1
267
1103
593
1
591
1
268
1104
594
1
592
1
269
1105
595
1
593
1
270
1106
596
1
594
1
271
1107
597
1
595
1
272
1108
598
1
596
1
273
1109
599
1
597
1
274
1110
600
1
598
1
275
1111
601
1
599
1
276
1112
602
1
600
1
277
1113
603
1
601
1
278
1114
604
1
602
1
279
1115
605
1
603
1
280
1116
606
1
604
1
281
1117
607
1
605
1
282
1118
608
1
606
1
283
1119
609
1
607
1
284
1120
610
1
608
1
285
1121
611
1
609
1
286
1122
612
1
610
1
287
1123
613
1
611
1
288
1124
614
1
612
1
289
1125
615
1
613
1
290
1126
616
1
614
1
291
1127
617
1
615
1
292
1128
618
1
616
1
293
1129
619
1
617
1
294
1130
620
1
618
1
295
1131
621
1
619
1
296
1132
622
1
620
1
297
1133
623
1
621
1
298
1134
624
1
622
1
299
1135
625
1
623
1
300
1136
626
1
624
1
301
1137
627
1
625
1
302
1138
628
1
626
1
303
1139
629
1
627
1
304
1140
630
1
628
1
305
1141
631
1
629
1
306
1142
632
1
630
1
307
1143
633
1
631
1
308
1144
634
1
632
1
309
1145
635
1
633
1
310
1146
636
1
634
1
311
1147
637
1
635
1
312
1148
638
1
636
1
313
1149
639
1
637
1
314
1150
640
1
638
1
315
1151
641
1
639
1
316
1152
642
1
640
1
317
1153
643
1
641
1
318
1154
644
1
642
1
319
1155
645
1
643
1
320
1156
646
1
644
1
321
1157
647
1
645
1
322
1158
648
1
646
1
323
1159
649
1
647
1
324
1160
650
1
648
1
325
1161
651
1
649
1
326
1162
652
1
650
1
327
1163
653
1
651
1
328
1164
654
1
652
1
329
1165
655
1
653
1
330
1166
656
1
654
1
331
1167
657
1
655
1
332
1168
658
1
656
1
333
1169
659
1
657
1
334
1170
660
1
658
1
335
1171
661
1
659
1
336
1172
662
1
660
1
337
1173
663
1
661
1
338
1174
664
1
662
1
339
1175
665
1
663
1
340
1176
666
1
664
1
341
1177
667
1
665
1
342
1178
668
1
666
1
343
1179
669
1
667
1
344
1180
670
1
668
1
345
1181
671
1
669
1
346
1182
672
1
670
1
347
1183
673
1
671
1
348
1184
674
1
672
1
349
1185
675
1
673
1
350
1186
676
1
674
1
351
1187
677
1
675
1
352
1188
678
1
676
1
353
1189
679
1
677
1
354
1190
680
1
678
1
355
1191
681
1
679
1
356
1192
682
1
680
1
357
1193
683
1
681
1
358
1194
684
1
682
1
359
1195
685
1
683
1
360
1196
686
1
684
1
361
1197
687
1
685
1
362
1198
688
1
686
1
363
1199
689
1
687
1
364
1200
690
1
688
1
365
1201
691
1
689
1
366
1202
692
1
690
1
367
1203
693
1
691
1
368
1204
694
1
692
1
369
1205
695
1
693
1
370
1206
696
1
694
1
371
1207
697
1
695
1
372
1208
698
1
696
1
373
1209
699
1
697
1
374
1210
700
1
698
1
375
1211
701
1
699
1
376
1212
702
1
700
1
377
1213
703
1
701
1
378
1214
704
1
702
1
379
1215
705
1
703
1
380
1216
706
1
704
1
381
1217
707
1
705
1
382
1218
708
1
706
1
383
1219
709
1
707
1
384
1220
710
1
708
1
385
1221
711
1
709
1
386
1222
712
1
710
1
387
1223
713
1
711
1
388
1224
714
1
712
1
389
1225
715
1
713
1
390
1226
716
1
714
1
391
1227
717
1
715
1
392
1228
718
1
716
1
393
1229
719
1
717
1
394
1230
720
1
718
1
395
1231
721
1
719
1
396
1232
722
1
720
1
397
1233
723
1
721
1
398
1234
724
1
722
1
399
1235
725
1
723
1
400
1236
726
1
724
1
401
1237
727
1
725
1
402
1238
728
1
726
1
403
1239
729
1
727
1
404
1240
730
1
728
1
405
1241
731
1
729
1
406
1242
732
1
730
1
407
1243
733
1
731
1
408
1244
734
1
732
1
409
1245
735
1
733
1
410
1246
736
1
734
1
411
1247
737
1
735
1
412
1248
738
1
736
1
413
1249
739
1
737
1
414
1250
740
1
738
1
415
1251
741
1
739
1
416
1252
742
1
740
1
417
1253
743
1
741
1
418
1254
744
1
742
1
419
1255
745
1
743
1
420
1256
746
1
744
1
421
1257
747
1
745
1
422
1258
748
1
746
1
423
1259
749
1
747
1
424
1260
750
1
748
1
425
1261
751
1
749
1
426
1262
752
1
750
1
427
1263
753
1
751
1
428
1264
754
1
752
1
429
1265
755
1
753
1
430
1266
756
1
754
1
431
1267
757
1
755
1
432
1268
758
1
756
1
433
1269
759
1
757
1
434
1270
760
1
758
1
435
1271
761
1
759
1
436
1272
762
1
760
1
437
1273
763
1
761
1
438
1274
764
1
762
1
439
1275
765
1
763
1
440
1276
766
1
764
1
441
1277
767
1
765
1
442
1278
768
1
766
1
443
1279
769
1
767
1
444
1280
770
1
768
1
445
1281
771
1
769
1
446
1282
772
1
770
1
447
1283
773
1
771
1
448
1284
774
1
772
1
449
1285
775
1
773
1
450
1286
776
1
774
1
451
1287
777
1
775
1
452
1288
778
1
776
1
453
1289
779
1
777
1
454
1290
780
1
778
1
455
1291
781
1
779
1
456
1292
782
1
780
1
457
1293
783
1
781
1
458
1294
784
1
782
1
459
1295
785
1
783
1
460
1296
786
1
784
1
461
1297
787
1
785
1
462
1298
788
1
786
1
463
1299
789
1
787
1
464
1300
790
1
788
1
465
1301
791
1
789
1
466
1302
792
1
790
1
467
1303
793
1
791
1
468
1304
794
1
792
1
469
1305
795
1
793
1
470
1306
796
1
794
1
471
1307
797
1
795
1
472
1308
798
1
796
1
473
1309
799
1
797
1
474
1310
800
1
798
1
475
1311
801
1
799
1
476
1312
802
1
800
1
477
1313
803
1
801
1
478
1314
804
1
802
1
479
1315
805
1
803
1
480
1316
806
1
804
1
481
1317
807
1
805
1
482
1318
808
1
806
1
483
1319
809
1
807
1
484
1320
810
1
808
1
485
1321
811
1
809
1
486
1322
812
1
810
1
487
1323
813
1
811
1
488
1324
814
1
812
1
489
1325
815
1
813
1
490
1326
816
1
814
1
491
1327
817
1
815
1
492
1328
818
1
816
1
493
1329
819
1
817
1
494
1330
820
1
818
1
495
1331
821
1
819
1
496
1332
822
1
820
1
497
1333
823
1
821
1
498
1334
824
1
822
1
499
1335
825
1
823
1
500
1336
826
1
824
1
501
1337
827
1
825
1
502
1338
828
1
826
1
503
1339
829
1
827
1
504
1340
830
1
828
1
505
1341
831
1
829
1
506
1342
832
1
830
1
507
1343
833
1
831
1
508
1344
834
1
832
1
509
1345
835
2
833
1
510
1346
836
3
834
1
511
1347
837
4
835
2
512
1348
838
5
836
3
513
1349
839
6
837
4
514
1350
840
7
838
5
515
1351
841
8
839
6
516
1352
842
9
840
7
517
1353
843
10
841
8
518
1354
844
11
842
9
519
1355
845
12
843
10
520
1356
846
13
844
11
521
1357
847
14
845
12
522
1358
848
15
846
13
523
1359
849
16
847
14
524
1360
850
17
848
15
525
1361
851
18
849
16
526
1362
852
19
850
17
527
1363
853
20
851
18
528
1364
854
21
852
19
529
1365
855
22
853
20
530
1366
856
23
854
21
531
1367
857
24
855
22
532
1368
858
25
856
23
533
1369
859
26
857
24
534
1370
860
27
858
25
535
1371
861
28
859
26
536
1372
862
29
860
27
537
1373
863
30
861
28
538
1374
864
31
862
29
539
1375
865
32
863
30
540
1376
866
33
864
31
541
1377
867
34
865
32
542
1378
868
35
866
33
543
1379
869
36
867
34
544
1380
870
37
868
35
545
1381
871
38
869
36
546
1382
872
39
870
37
547
1383
873
40
871
38
548
1384
874
41
872
39
549
1385
875
42
873
40
550
1386
876
43
874
41
551
1387
877
44
875
42
552
1388
878
45
876
43
553
1389
879
46
877
44
554
1390
880
47
878
45
555
1391
881
48
879
46
556
1392
882
49
880
47
557
1393
883
50
881
48
558
1394
884
51
882
49
559
1395
885
52
883
50
560
1396
886
53
884
51
561
1397
887
54
885
52
562
1398
888
55
886
53
563
1399
889
56
887
54
564
1400
890
57
888
55
565
1401
891
58
889
56
566
1402
892
59
890
57
567
1403
893
60
891
58
568
1404
894
61
892
59
569
1405
895
62
893
60
570
1406
896
63
894
61
571
1407
897
64
895
62
572
1408
898
65
896
63
573
1409
899
66
897
64
574
1410
900
67
898
65
575
1411
901
68
899
66
576
1412
902
69
900
67
577
1413
903
70
901
68
578
1414
904
71
902
69
579
1415
905
72
903
70
580
1416
906
73
904
71
581
1417
907
74
905
72
582
1418
908
75
906
73
583
1419
909
76
907
74
584
1420
910
77
908
75
585
1421
911
78
909
76
586
1422
912
79
910
77
587
1423
913
80
911
78
588
1424
914
81
912
79
589
1425
915
82
913
80
590
1426
916
83
914
81
591
1427
917
84
915
82
592
1428
918
85
916
83
593
1429
919
86
917
84
594
1430
920
87
918
85
595
1431
921
88
919
86
596
1432
922
89
920
87
597
1433
923
90
921
88
598
1434
924
91
922
89
599
1435
925
92
923
90
600
1436
926
93
924
91
601
1437
927
94
925
92
602
1438
928
95
926
93
603
1439
929
96
927
94
604
1440
930
97
928
95
605
1441
931
98
929
96
606
1442
932
99
930
97
607
1443
933
100
931
98
608
1444
934
101
932
99
609
1445
935
102
933
100
610
1446
936
103
934
101
611
1447
937
104
935
102
612
1448
938
105
936
103
613
1449
939
106
937
104
614
1450
940
107
938
105
615
1451
941
108
939
106
616
1452
942
109
940
107
617
1453
943
110
941
108
618
1454
944
111
942
109
619
1455
945
112
943
110
620
1456
946
113
944
111
621
1457
947
114
945
112
622
1458
948
115
946
113
623
1459
949
116
947
114
624
1460
950
117
948
115
625
1461
951
118
949
116
626
1462
952
119
950
117
627
1463
953
120
951
118
628
1464
954
121
952
119
629
1465
955
122
953
120
630
1466
956
123
954
121
631
1467
957
124
955
122
632
1468
958
125
956
123
633
1469
959
126
957
124
634
1470
960
127
958
125
635
1471
961
128
959
126
636
1472
962
129
960
127
637
1473
963
130
961
128
638
1474
964
131
962
129
639
1475
965
132
963
130
640
1476
966
133
964
131
641
1477
967
134
965
132
642
1478
968
135
966
133
643
1479
969
136
967
134
644
1480
970
137
968
135
645
1481
971
138
969
136
646
1482
972
139
970
137
647
1483
973
140
971
138
648
1484
974
141
972
139
649
1485
975
142
973
140
650
1486
976
143
974
141
651
1487
977
144
975
142
652
1488
978
145
976
143
653
1489
979
146
977
144
654
1490
980
147
978
145
655
1491
981
148
979
146
656
1492
982
149
980
147
657
1493
983
150
981
148
658
1494
984
151
982
149
659
1495
985
152
983
150
660
1496
986
153
984
151
661
1497
987
154
985
152
662
1498
988
155
986
153
663
1499
989
156
987
154
664
1500
990
157
988
155
665
1501
991
158
989
156
666
1502
992
159
990
157
667
1503
993
160
991
158
668
1504
994
161
992
159
669
1505
995
162
993
160
670
1506
996
163
994
161
671
1507
997
164
995
162
672
1508
998
165
996
163
673
1509
999
166
997
164
674
1510
1000
167
998
165
675
1511
1001
168
999
166
676
1512
1002
169
1000
167
677
1513
1003
170
1001
168
678
1514
1004
171
1002
169
679
1515
1005
172
1003
170
680
1516
1006
173
1004
171
681
1517
1007
174
1005
172
682
1518
1008
175
1006
173
683
1519
1009
176
1007
174
684
1520
1010
177
1008
175
685
1521
1011
178
1009
176
686
1522
1012
179
1010
177
687
1523
1013
180
1011
178
688
1524
1014
181
1012
179
689
1525
1015
182
1013
180
690
1526
1016
183
1014
181
691
1527
1017
184
1015
182
692
1528
1018
185
1016
183
693
1529
1019
186
1017
184
694
1530
1020
187
1018
185
695
1531
1021
188
1019
186
696
1532
1022
189
1020
187
697
1533
1023
190
1021
188
698
1534
1024
191
1022
189
699
1535
1025
192
1023
190
700
1536
1026
193
1024
191
701
1537
1027
194
1025
192
702
1538
1028
195
1026
193
703
1539
1029
196
1027
194
704
1540
1030
197
1028
195
705
1541
1031
198
1029
196
706
1542
1032
199
1030
197
707
1543
1033
200
1031
198
708
1544
1034
201
1032
199
709
1545
1035
202
1033
200
710
1546
1036
203
1034
201
711
1547
1037
204
1035
202
712
1548
1038
205
1036
203
713
1549
1039
206
1037
204
714
1550
1040
207
1038
205
715
1551
1041
208
1039
206
716
1552
1042
209
1040
207
717
1553
1043
210
1041
208
718
1554
1044
211
1042
209
719
1555
1045
212
1043
210
720
1556
1046
213
1044
211
721
1557
1047
214
1045
212
722
1558
1048
215
1046
213
723
1559
1049
216
1047
214
724
1560
1050
217
1048
215
725
1561
1051
218
1049
216
726
1562
1052
219
1050
217
727
1563
1053
220
1051
218
728
1564
1054
221
1052
219
729
1565
1055
222
1053
220
730
1566
1056
223
1054
221
731
1567
1057
224
1055
222
732
1568
1058
225
1056
223
733
1569
1059
226
1057
224
734
1570
1060
227
1058
225
735
1571
1061
228
1059
226
736
1572
1062
229
1060
227
737
1573
1063
230
1061
228
738
1574
1064
231
1062
229
739
1575
1065
232
1063
230
740
1576
1066
233
1064
231
741
1577
1067
234
1065
232
742
1578
1068
235
1066
233
743
1579
1069
236
1067
234
744
1580
1070
237
1068
235
745
1581
1071
238
1069
236
746
1582
1072
239
1070
237
747
1583
1073
240
1071
238
748
1584
1074
241
1072
239
749
1585
1075
242
1073
240
750
1586
1076
243
1074
241
751
1587
1077
244
1075
242
752
1588
1078
245
1076
243
753
1589
1079
246
1077
244
754
1590
1080
247
1078
245
755
1591
1081
248
1079
246
756
1592
1082
249
1080
247
757
1593
1083
250
1081
248
758
1594
1084
251
1082
249
759
1595
1085
252
1083
250
760
1596
1086
253
1084
251
761
1597
1087
254
1085
252
762
1598
1088
255
1086
253
763
1599
1089
256
1087
254
764
1600
1090
257
1088
255
765
1601
1091
258
1089
256
766
1602
1092
259
1090
257
767
1603
1093
260
1091
258
768
1604
1094
261
1092
259
769
1605
1095
262
1093
260
770
1606
1096
263
1094
261
771
1607
1097
264
1095
262
772
1608
1098
265
1096
263
773
1609
1099
266
1097
264
774
1610
1100
267
1098
265
775
1611
1101
268
1099
266
776
1612
1102
269
1100
267
777
1613
1103
270
1101
268
778
1614
1104
271
1102
269
779
1615
1105
272
1103
270
780
1616
1106
273
1104
271
781
1617
1107
274
1105
272
782
1618
1108
275
1106
273
783
1619
1109
276
1107
274
784
1620
1110
277
1108
275
785
1621
1111
278
1109
276
786
1622
1112
279
1110
277
787
1623
1113
280
1111
278
788
1624
1114
281
1112
279
789
1625
1115
282
1113
280
790
1626
1116
283
1114
281
791
1627
1117
284
1115
282
792
1628
1118
285
1116
283
793
1629
1119
286
1117
284
794
1630
1120
287
1118
285
795
1631
1121
288
1119
286
796
1632
1122
289
1120
287
797
1633
1123
290
1121
288
798
1634
1124
291
1122
289
799
1635
1125
292
1123
290
800
1636
1126
293
1124
291
801
1637
1127
294
1125
292
802
1638
1128
295
1126
293
803
1639
1129
296
1127
294
804
1640
1130
297
1128
295
805
1641
1131
298
1129
296
806
1642
1132
299
1130
297
807
1643
1133
300
1131
298
808
1644
1134
301
1132
299
809
1645
1135
302
1133
300
810
1646
1136
303
1134
301
811
1647
1137
304
1135
302
812
1648
1138
305
1136
303
813
1649
1139
306
1137
304
814
1650
1140
307
1138
305
815
1651
1141
308
1139
306
816
1652
1142
309
1140
307
817
1653
1143
310
1141
308
818
1654
1144
311
1142
309
819
1655
1145
312
1143
310
820
1656
1146
313
1144
311
821
1657
1147
314
1145
312
822
1658
1148
315
1146
313
823
1659
1149
316
1147
314
824
1660
1150
317
1148
315
825
1661
1151
318
1149
316
826
1662
1152
319
1150
317
827
1663
1153
320
1151
318
828
1664
1154
321
1152
319
829
1665
1155
322
1153
320
830
1666
1156
323
1154
321
831
1667
1157
324
1155
322
832
1668
1158
325
1156
323
833
1669
1159
326
1157
324
834
1670
1160
327
1158
325
835
1671
1161
328
1159
326
836
1672
1162
329
1160
327
837
1673
1163
330
1161
328
838
1674
1164
331
1162
329
839
1675
1165
332
1163
330
840
1676
1166
333
1164
331
841
1677
1167
334
1165
332
842
1678
1168
335
1166
333
843
1679
1169
336
1167
334
844
1680
1170
337
1168
335
845
1681
1171
338
1169
336
846
1682
1172
339
1170
337
847
1683
1173
340
1171
338
848
1684
1174
341
1172
339
849
1685
1175
342
1173
340
850
1686
1176
343
1174
341
851
1687
1177
344
1175
342
852
1688
1178
345
1176
343
853
1689
1179
346
1177
344
854
1690
1180
347
1178
345
855
1691
1181
348
1179
346
856
1692
1182
349
1180
347
857
1693
1183
350
1181
348
858
1694
1184
351
1182
349
859
1695
1185
352
1183
350
860
1696
1186
353
1184
351
861
1697
1187
354
1185
352
862
1698
1188
355
1186
353
863
1699
1189
356
1187
354
864
1700
1190
357
1188
355
865
1701
1191
358
1189
356
866
1702
1192
359
1190
357
867
1703
1193
360
1191
358
868
1704
1194
361
1192
359
869
1705
1195
362
1193
360
870
1706
1196
363
1194
361
871
1707
1197
364
1195
362
872
1708
1198
365
1196
363
873
1709
1199
366
1197
364
874
1710
1200
367
1198
365
875
1711
1201
368
1199
366
876
1712
1202
369
1200
367
877
1713
1203
370
1201
368
878
1714
1204
371
1202
369
879
1715
1205
372
1203
370
880
1716
1206
373
1204
371
881
1717
1207
374
1205
372
882
1718
1208
375
1206
373
883
1719
1209
376
1207
374
884
1720
1210
377
1208
375
885
1721
1211
378
1209
376
886
1722
1212
379
1210
377
887
1723
1213
380
1211
378
888
1724
1214
381
1212
379
889
1725
1215
382
1213
380
890
1726
1216
383
1214
381
891
1727
1217
384
1215
382
892
1728
1218
385
1216
383
893
1729
1219
386
1217
384
894
1730
1220
387
1218
385
895
1731
1221
388
1219
386
896
1732
1222
389
1220
387
897
1733
1223
390
1221
388
898
1734
1224
391
1222
389
899
1735
1225
392
1223
390
900
1736
1226
393
1224
391
901
1737
1227
394
1225
392
902
1738
1228
395
1226
393
903
1739
1229
396
1227
394
904
1740
1230
397
1228
395
905
1741
1231
398
1229
396
906
1742
1232
399
1230
397
907
1743
1233
400
1231
398
908
1744
1234
401
1232
399
909
1745
1235
402
1233
400
910
1746
1236
403
1234
401
911
1747
1237
404
1235
402
912
1748
1238
405
1236
403
913
1749
1239
406
1237
404
914
1750
1240
407
1238
405
915
1751
1241
408
1239
406
916
1752
1242
409
1240
407
917
1753
1243
410
1241
408
918
1754
1244
411
1242
409
919
1755
1245
412
1243
410
920
1756
1246
413
1244
411
921
1757
1247
414
1245
412
922
1758
1248
415
1246
413
923
1759
1249
416
1247
414
924
1760
1250
417
1248
415
925
1761
1251
418
1249
416
926
1762
1252
419
1250
417
927
1763
1253
420
1251
418
928
1764
1254
421
1252
419
929
1765
1255
422
1253
420
930
1766
1256
423
1254
421
931
1767
1257
424
1255
422
932
1768
1258
425
1256
423
933
1769
1259
426
1257
424
934
1770
1260
427
1258
425
935
1771
1261
428
1259
426
936
1772
1262
429
1260
427
937
1773
1263
430
1261
428
938
1774
1264
431
1262
429
939
1775
1265
432
1263
430
940
1776
1266
433
1264
431
941
1777
1267
434
1265
432
942
1778
1268
435
1266
433
943
1779
1269
436
1267
434
944
1780
1270
437
1268
435
945
1781
1271
438
1269
436
946
1782
1272
439
1270
437
947
1783
1273
440
1271
438
948
1784
1274
441
1272
439
949
1785
1275
442
1273
440
950
1786
1276
443
1274
441
951
1787
1277
444
1275
442
952
1788
1278
445
1276
443
953
1789
1279
446
1277
444
954
1790
1280
447
1278
445
955
1791
1281
448
1279
446
956
1792
1282
449
1280
447
957
1793
1283
450
1281
448
958
1794
1284
451
1282
449
959
1795
1285
452
1283
450
960
1796
1286
453
1284
451
961
1797
1287
454
1285
452
962
1798
1288
455
1286
453
963
1799
1289
456
1287
454
964
1800
1290
457
1288
455
965
1801
1291
458
1289
456
966
1802
1292
459
1290
457
967
1803
1293
460
1291
458
968
1804
1294
461
1292
459
969
1805
1295
462
1293
460
970
1806
1296
463
1294
461
971
1807
1297
464
1295
462
972
1808
1298
465
1296
463
973
1809
1299
466
1297
464
974
1810
1300
467
1298
465
975
1811
1301
468
1299
466
976
1812
1302
469
1300
467
977
1813
1303
470
1301
468
978
1814
1304
471
1302
469
979
1815
1305
472
1303
470
980
1816
1306
473
1304
471
981
1817
1307
474
1305
472
982
1818
1308
475
1306
473
983
1819
1309
476
1307
474
984
1820
1310
477
1308
475
985
1821
1311
478
1309
476
986
1822
1312
479
1310
477
987
1823
1313
480
1311
478
988
1824
1314
481
1312
479
989
1825
1315
482
1313
480
990
1826
1316
483
1314
481
991
1827
1317
484
1315
482
992
1828
1318
485
1316
483
993
1829
1319
486
1317
484
994
1830
1320
487
1318
485
995
1831
1321
488
1319
486
996
1832
1322
489
1320
487
997
1833
1323
490
1321
488
998
1834
1324
491
1322
489
999
1835
1325
492
1323
490
1000
1836
1326
493
1324
491
1001
1837
1327
494
1325
492
1002
1838
1328
495
1326
493
1003
1839
1329
496
1327
494
1004
1840
1330
497
1328
495
1005
1841
1331
498
1329
496
1006
1842
1332
499
1330
497
1007
1843
1333
500
1331
498
1008
1844
1334
501
1332
499
1009
1845
1335
502
1333
500
1010
1846
1336
503
1334
501
1011
1847
1337
504
1335
502
1012
1848
1338
505
1336
503
1013
1849
1339
506
1337
504
1014
1850
1340
507
1338
505
1015
1851
1341
508
1339
506
1016
1852
1342
509
1340
507
1017
1853
1343
510
1341
508
1018
1854
1344
511
1342
509
1019
1855
1345
512
1343
510
1020
1856
1346
513
1344
511
1021
1857
1347
514
1345
512
1022
1858
1348
515
1346
513
1023
1859
1349
516
1347
514
1024
1860
1350
517
1348
515
1025
1861
1351
518
1349
516
1026
1862
1352
519
1350
517
1027
1863
1353
520
1351
518
1028
1864
1354
521
1352
519
1029
1865
1355
522
1353
520
1030
1866
1356
523
1354
521
1031
1867
1357
524
1355
522
1032
1868
1358
525
1356
523
1033
1869
1359
526
1357
524
1034
1870
1360
527
1358
525
1035
1871
1361
528
1359
526
1036
1872
1362
529
1360
527
1037
1873
1363
530
1361
528
1038
1874
1364
531
1362
529
1039
1875
1365
532
1363
530
1040
1876
1366
533
1364
531
1041
1877
1367
534
1365
532
1042
1878
1368
535
1366
533
1043
1879
1369
536
1367
534
1044
1880
1370
537
1368
535
1045
1881
1371
538
1369
536
1046
1882
1372
539
1370
537
1047
1883
1373
540
1371
538
1048
1884
1374
541
1372
539
1049
1885
1375
542
1373
540
1050
1886
1376
543
1374
541
1051
1887
1377
544
1375
542
1052
1888
1378
545
1376
543
1053
1889
1379
546
1377
544
1054
1890
1380
547
1378
545
1055
1891
1381
548
1379
546
1056
1892
1382
549
1380
547
1057
1893
1383
550
1381
548
1058
1894
1384
551
1382
549
1059
1895
1385
552
1383
550
1060
1896
1386
553
1384
551
1061
1897
1387
554
1385
552
1062
1898
1388
555
1386
553
1063
1899
1389
556
1387
554
1064
1900
1390
557
1388
555
1065
1901
1391
558
1389
556
1066
1902
1392
559
1390
557
1067
1903
1393
560
1391
558
1068
1904
1394
561
1392
559
1069
1905
1395
562
1393
560
1070
1906
1396
563
1394
561
1071
1907
1397
564
1395
562
1072
1908
1398
565
1396
563
1073
1909
1399
566
1397
564
1074
1910
1400
567
1398
565
1075
1911
1401
568
1399
566
1076
1912
1402
569
1400
567
1077
1913
1403
570
1401
568
1078
1914
1404
571
1402
569
1079
1915
1405
572
1403
570
1080
1916
1406
573
1404
571
1081
1917
1407
574
1405
572
1082
1918
1408
575
1406
573
1083
1919
1409
576
1407
574
1084
1920
1410
577
1408
575
1085
1921
1411
578
1409
576
1086
1922
1412
579
1410
577
1087
1923
1413
580
1411
578
1088
1924
1414
581
1412
579
1089
1925
1415
582
1413
580
1090
1926
1416
583
1414
581
1091
1927
1417
584
1415
582
1092
1928
1418
585
1416
583
1093
1929
1419
586
1417
584
1094
1930
1420
587
1418
585
1095
1931
1421
588
1419
586
1096
1932
1422
589
1420
587
1097
1933
1423
590
1421
588
1098
1934
1424
591
1422
589
1099
1935
1425
592
1423
590
1100
1936
1426
593
1424
591
1101
1937
1427
594
1425
592
1102
1938
1428
595
1426
593
1103
1939
1429
596
1427
594
1104
1940
1430
597
1428
595
1105
1941
1431
598
1429
596
1106
1942
1432
599
1430
597
1107
1943
1433
600
1431
598
1108
1944
1434
601
1432
599
1109
1945
1435
602
1433
600
1110
1946
1436
603
1434
601
1111
1947
1437
604
1435
602
1112
1948
1438
605
1436
603
1113
1949
1439
606
1437
604
1114
1950
1440
607
1438
605
1115
1951
1441
608
1439
606
1116
1952
1442
609
1440
607
1117
1953
1443
610
1441
608
1118
1954
1444
611
1442
609
1119
1955
1445
612
1443
610
1120
1956
1446
613
1444
611
1121
1957
1447
614
1445
612
1122
1958
1448
615
1446
613
1123
1959
1449
616
1447
614
1124
1960
1450
617
1448
615
1125
1961
1451
618
1449
616
1126
1962
1452
619
1450
617
1127
1963
1453
620
1451
618
1128
1964
1454
621
1452
619
1129
1965
1455
622
1453
620
1130
1966
1456
623
1454
621
1131
1967
1457
624
1455
622
1132
1968
1458
625
1456
623
1133
1969
1459
626
1457
624
1134
1970
1460
627
1458
625
1135
1971
1461
628
1459
626
1136
1972
1462
629
1460
627
1137
1973
1463
630
1461
628
1138
1974
1464
631
1462
629
1139
1975
1465
632
1463
630
1140
1976
1466
633
1464
631
1141
1977
1467
634
1465
632
1142
1978
1468
635
1466
633
1143
1979
1469
636
1467
634
1144
1980
1470
637
1468
635
1145
1981
1471
638
1469
636
1146
1982
1472
639
1470
637
1147
1983
1473
640
1471
638
1148
1984
1474
641
1472
639
1149
1985
1475
642
1473
640
1150
1986
1476
643
1474
641
1151
1987
1477
644
1475
642
1152
1988
1478
645
1476
643
1153
1989
1479
646
1477
644
1154
1990
1480
647
1478
645
1155
1991
1481
648
1479
646
1156
1992
1482
649
1480
647
1157
1993
1483
650
1481
648
1158
1994
1484
651
1482
649
1159
1995
1485
652
1483
650
1160
1996
1486
653
1484
651
1161
1997
1487
654
1485
652
1162
1998
1488
655
1486
653
1163
1999
1489
656
1487
654
1164
2000
1490
657
1488
655
1165
2001
1491
658
1489
656
1166
2001
1491
658
1490
657
1167
2001
1491
658
1491
658
1168
