1
1
1
2
3
4
3
2
1
1
1
2
3
4
3
2
1
1
2
3
4
3
2
1
2
3
4
3
2
1
2
3
2
1
1
2
1
1
1
1
1
1
1
1
1
999999
999998
999997
999998
999999
1000000
999999
999998
999997
999999
999998
999999
1000000
1000001
1000000
999999
999998
999999
1000000
1000001
1000002
1000001
1000000
999999
1000001
1000002
1000003
1000002
1000001
1000000
1000001
1000002
1000001
1000000
999999
1000001
1000000
999999
999998
999999
999998
999997
999999
999998
999999
1999999
1999998
1999997
1999998
1999999
2000000
1999999
1999998
1999997
1999999
1999998
1999999
2000000
2000000
1999999
1999998
1999997
1999999
2000000
2000000
2000000
1999999
1999998
1999997
2000000
2000000
2000000
1999999
1999998
1999997
2000000
2000000
1999999
1999998
1999997
2000000
1999999
1999998
1999997
1999999
1999998
1999997
1999999
1999998
1999999
1
1
1
2
3
4
3
2
1
1
1
2
3
4
3
2
1
1
2
3
4
3
2
1
2
3
4
3
2
1
2
3
2
1
1
2
1
1
1
1
1
1
1
1
1
1
1
1
2
3
4
3
2
1
1
1
2
3
4
3
2
1
1
2
3
4
3
2
1
3
4
5
4
3
2
3
4
3
2
1
3
2
1
1
1
1
1
1
1
1
2
1
1
2
3
4
3
2
1
2
1
2
3
4
3
2
1
2
3
4
5
4
3
2
4
5
6
5
4
3
4
5
4
3
2
4
3
2
1
2
1
1
2
1
2
3
2
1
2
3
4
3
2
1
3
2
3
4
5
4
3
2
3
4
5
6
5
4
3
5
6
7
6
5
4
5
6
5
4
3
5
4
3
2
3
2
1
3
2
3
4
3
2
3
4
5
4
3
2
4
3
4
5
6
5
4
3
4
5
6
7
6
5
4
6
7
8
7
6
5
6
7
6
5
4
6
5
4
3
4
3
2
4
3
4
