100 1000
80 69 91 47 74 75 94 22 100 43 50 82 47 40 51 90 27 98 85 47 14 55 82 52 9 65 90 86 45 52 52 95 40 85 3 46 77 16 59 32 22 41 87 89 78 59 78 34 26 71 9 82 68 80 74 100 6 10 53 84 80 7 87 3 82 26 26 14 37 26 58 96 73 41 2 79 43 56 74 30 71 6 100 72 93 83 40 28 79 24 68 68 68 24 100 85 7 96 64 91
2 95
2 4
2 70
2 95
1 34 91
1 17 22
1 41 25
2 57
1 7 55
1 45 56
1 37 8
2 82
2 45
1 9 46
2 85
1 92 25
2 18
2 51
2 71
1 21 92
2 43
1 80 98
2 80
2 21
2 80
1 6 70
1 77 83
2 56
2 98
2 100
1 46 40
2 57
2 82
2 19
1 98 50
1 91 59
1 89 44
2 11
2 63
1 18 65
2 75
2 26
1 15 39
2 7
1 92 46
2 69
1 36 88
1 87 65
1 99 83
2 72
1 38 20
2 19
2 11
1 59 23
1 25 31
1 97 83
2 6
2 60
2 87
2 97
2 4
1 46 22
1 11 39
1 81 21
1 88 14
1 11 71
2 83
1 74 8
1 56 88
2 54
2 71
1 61 10
1 10 84
1 85 47
2 35
1 4 87
1 32 70
1 71 84
2 51
2 67
1 20 54
2 39
1 48 99
2 86
1 2 12
1 98 98
2 48
2 80
2 51
1 23 64
1 87 25
2 10
1 25 71
1 82 54
1 29 29
1 65 56
2 3
2 67
2 14
1 37 91
2 63
1 42 100
2 47
1 90 14
1 69 90
2 8
2 89
2 5
1 1 87
2 79
2 93
2 11
2 77
1 72 12
2 59
2 96
1 5 19
1 14 80
1 53 18
2 26
2 50
1 44 48
1 80 21
2 77
1 35 87
2 36
1 33 94
1 14 19
1 91 20
1 6 8
2 31
2 16
1 26 94
2 66
2 80
2 94
1 12 24
2 92
1 92 90
1 68 93
1 32 38
2 72
2 37
1 38 33
2 54
1 44 83
2 70
2 69
2 5
1 7 55
2 64
2 83
2 22
1 67 57
1 10 89
2 69
2 95
2 27
2 87
2 73
1 92 51
2 49
1 23 34
1 43 33
2 83
2 92
1 14 80
1 24 45
2 87
1 17 84
2 20
2 90
2 86
1 71 100
1 39 50
2 93
2 80
1 99 14
1 8 100
1 20 90
1 9 95
1 8 75
1 67 74
2 89
1 100 79
1 44 39
2 77
2 44
2 79
2 98
1 92 5
2 69
2 13
2 55
2 30
1 98 30
1 1 52
2 35
2 33
1 23 1
2 69
2 41
2 4
1 73 68
2 62
2 15
1 7 100
2 30
2 75
2 37
1 24 86
2 94
2 87
1 52 31
2 81
1 82 62
2 94
1 39 61
2 69
2 51
2 76
1 56 19
1 44 79
2 50
1 14 30
2 48
2 22
2 29
2 14
1 40 81
1 5 28
1 89 25
2 65
2 75
1 88 5
1 3 88
1 30 46
2 72
1 67 26
2 9
1 65 44
2 69
2 41
1 33 57
1 37 6
1 5 97
2 91
2 95
1 11 30
1 20 13
1 68 47
2 93
1 97 22
2 81
2 67
2 33
2 4
1 89 36
2 64
2 89
2 89
2 16
2 24
2 65
2 64
2 17
2 96
1 57 66
2 37
2 7
1 63 35
1 71 97
2 40
1 99 35
1 49 81
1 43 45
1 42 97
2 48
2 30
2 81
2 75
1 30 96
2 30
1 33 19
2 87
2 87
2 85
1 85 33
2 81
2 87
1 4 67
1 41 42
1 92 81
1 20 82
1 66 64
2 25
1 53 30
1 28 3
2 74
2 24
1 43 91
1 40 74
2 37
2 5
2 36
2 54
1 39 96
2 17
2 39
1 67 58
2 44
2 92
2 45
1 82 64
2 93
2 13
2 44
1 7 58
1 54 68
1 84 11
1 16 61
2 99
2 100
1 42 42
1 37 41
1 62 78
1 4 17
2 13
2 26
2 67
2 81
2 66
1 70 71
2 23
1 2 98
2 55
1 3 64
1 56 45
2 71
2 90
2 30
1 26 93
1 24 42
1 70 69
2 13
1 85 17
2 21
1 5 32
1 53 97
2 87
1 15 72
1 29 80
2 41
1 39 82
2 61
1 12 9
2 53
1 11 66
1 99 81
2 72
1 94 81
2 58
2 53
1 2 28
1 41 44
1 91 62
1 18 97
1 33 19
1 39 56
2 34
2 64
1 4 91
1 17 2
2 32
1 5 89
2 21
1 71 88
2 32
1 64 69
2 7
2 41
2 91
2 4
2 57
1 91 34
1 37 10
2 37
2 35
1 81 50
1 27 26
1 86 89
1 15 81
2 69
2 34
1 43 89
1 92 57
2 71
1 18 19
1 14 56
1 60 69
1 52 48
1 65 55
2 8
1 75 50
2 29
2 42
2 69
1 41 60
1 6 93
1 66 42
1 57 5
1 10 76
1 5 95
2 18
2 44
1 66 77
2 30
2 97
2 55
1 49 31
2 87
1 77 48
1 35 39
2 26
2 18
2 84
1 56 65
1 98 27
2 84
2 24
1 36 47
1 29 53
2 28
1 99 56
2 27
1 82 59
1 8 3
2 79
2 99
2 84
2 17
1 31 76
1 44 91
2 67
2 95
2 85
2 64
2 46
2 4
2 87
2 65
1 63 79
2 28
1 19 71
1 9 14
2 31
2 74
2 55
1 22 98
2 100
2 2
2 91
2 34
2 5
1 29 76
1 95 33
1 37 31
2 88
1 38 82
1 87 76
1 69 40
1 7 89
1 56 96
2 80
2 6
1 98 59
1 5 88
1 92 31
1 46 28
2 4
1 38 70
1 68 82
2 53
2 72
1 99 62
2 24
1 65 68
1 90 75
2 45
1 47 36
2 9
1 54 13
1 26 55
1 42 97
1 41 59
1 81 57
2 66
1 43 52
1 29 6
1 62 23
2 6
1 17 98
1 6 64
2 73
1 44 19
1 24 3
1 14 21
2 14
1 100 30
1 32 54
2 9
1 50 25
2 19
1 94 74
1 99 82
1 47 36
2 80
2 21
2 67
1 52 4
2 36
1 71 17
2 95
2 96
2 81
1 42 13
1 4 50
1 26 95
1 12 75
1 38 68
2 64
1 25 4
1 32 48
1 9 57
2 3
1 92 45
2 34
2 91
1 72 22
2 73
1 6 57
2 21
1 39 81
1 24 38
1 65 40
2 22
1 69 48
2 97
2 91
1 2 38
1 75 42
1 88 35
1 42 73
1 3 13
2 46
2 46
2 63
2 91
2 96
1 40 76
1 71 93
1 19 15
2 15
1 71 42
2 93
2 81
2 79
2 72
1 95 7
2 79
2 64
1 7 41
2 72
1 50 89
1 40 69
1 19 98
2 89
1 68 86
1 90 30
2 60
2 20
2 10
1 49 6
2 46
2 27
2 22
1 36 24
2 2
1 39 89
2 31
1 82 57
2 30
1 1 60
2 72
2 41
1 2 29
2 5
2 56
2 62
2 12
2 42
1 12 25
1 3 16
2 71
2 94
2 81
2 87
2 86
1 36 34
1 47 79
2 98
1 72 86
1 16 20
2 56
1 11 84
1 50 85
2 17
1 71 96
2 97
1 100 92
2 92
2 36
1 12 84
2 86
2 42
2 96
1 53 25
2 57
1 44 10
2 31
1 15 50
1 67 34
2 92
2 45
1 90 20
1 15 18
1 58 21
2 10
1 48 61
1 6 75
1 87 52
1 58 31
1 43 10
2 35
1 33 30
1 14 92
1 25 67
2 33
1 52 7
1 4 39
2 29
2 20
1 80 13
2 63
2 84
2 98
1 69 34
2 60
1 44 65
2 84
2 16
1 11 15
2 46
2 34
1 69 34
1 67 18
1 9 33
2 13
2 33
1 99 59
2 94
1 72 56
1 84 100
1 17 92
2 6
2 82
1 8 52
1 18 30
1 2 67
1 66 64
1 80 55
1 26 44
1 58 16
1 52 43
1 24 41
1 77 98
2 66
2 83
2 70
2 41
1 54 79
1 34 55
2 97
2 19
2 44
2 93
2 79
1 65 42
1 1 27
2 80
1 98 88
2 17
2 20
1 33 10
1 24 2
2 19
2 34
2 88
1 77 83
2 54
2 71
2 79
2 1
2 19
1 13 62
1 2 57
2 10
2 60
2 45
1 96 61
2 16
2 54
2 49
1 82 30
1 86 91
1 50 8
2 14
2 50
2 74
2 19
1 20 50
2 67
2 72
1 58 53
1 87 96
1 14 47
1 73 75
1 51 11
1 91 15
2 60
2 64
1 23 17
1 9 5
2 55
1 9 81
2 99
2 24
1 35 2
1 42 9
2 18
1 98 79
1 38 8
2 10
1 97 8
1 89 59
1 90 100
2 71
2 66
1 25 12
2 88
2 14
1 22 55
1 41 37
1 67 32
1 73 61
1 84 55
1 4 77
1 94 61
1 77 23
2 71
2 76
2 89
1 76 6
1 5 83
2 49
1 74 81
2 20
1 40 81
1 58 8
2 59
1 24 17
1 15 6
1 78 44
1 28 9
2 40
2 82
1 14 66
2 11
1 70 28
1 10 56
1 78 57
2 54
2 66
1 88 68
1 100 9
1 1 22
2 68
2 6
1 64 16
2 41
1 3 72
1 48 90
2 33
1 40 7
1 36 38
2 76
2 77
2 91
1 6 62
1 16 72
2 34
1 80 11
1 43 72
1 62 14
2 2
1 18 93
2 41
2 17
2 29
2 81
2 5
2 37
2 82
2 27
1 25 79
1 8 48
1 8 72
2 51
1 84 5
2 80
2 66
2 83
2 46
2 1
2 36
1 87 15
2 80
1 12 73
1 49 8
1 76 8
1 97 21
2 72
2 17
2 29
1 38 14
1 43 82
1 23 53
2 2
2 96
1 34 5
2 80
1 64 36
2 76
2 46
1 1 31
2 77
1 1 86
2 29
1 95 7
2 20
2 5
2 24
2 39
1 55 62
2 8
2 11
2 39
1 95 85
1 47 17
1 64 1
1 47 38
1 10 42
2 11
1 57 36
1 38 51
2 73
2 65
2 46
1 2 48
2 41
2 62
2 82
1 91 88
1 89 49
1 97 61
2 10
1 51 72
2 15
1 40 49
2 75
1 33 86
1 95 60
2 56
2 86
2 24
1 84 85
1 10 80
1 56 26
1 83 33
1 88 60
2 54
2 83
2 8
2 96
1 98 71
1 37 10
1 78 9
2 50
2 49
2 87
2 45
2 87
2 39
1 2 43
1 76 62
2 94
2 19
2 26
1 26 70
1 99 99
2 8
1 63 85
1 85 100
1 34 97
2 91
2 33
1 84 87
2 11
1 95 8
2 85
2 53
2 86
2 70
1 73 19
2 73
2 11
2 45
1 62 83
2 87
2 62
2 10
1 16 74
1 12 79
1 9 26
1 92 40
1 43 59
1 43 8
1 58 99
1 20 48
2 38
1 18 1
2 97
1 54 78
2 59
2 30
2 77
1 87 33
2 99
2 79
1 67 79
2 39
2 84
1 38 36
1 74 83
2 77
1 93 39
2 24
2 19
1 89 64
1 53 19
1 56 52
2 13
2 91
2 79
2 40
2 89
1 61 40
1 83 91
1 2 26
2 48
1 73 83
1 4 22
1 61 92
1 9 13
2 57
1 2 23
1 26 66
2 18
2 4
1 35 61
1 74 21
1 39 42
1 67 98
2 22
1 54 28
2 77
2 33
1 92 22
1 66 2
1 29 17
