1
1
1
1
1
1
1
1
1
1
1
1
1
1
1
1
1
1
1
1
1
1
1
1
1
1
1
1
1
1
1
1
1
1
1
1
1
1
1
1
1
1
1
1
1
1
1
1
1
1
1
1
1
1
1
1
1
1
1
1
1
1
1
1
1
1
1
1
1
1
1
1
1
1
1
1
1
1
1
1
1
1
1
1
1
1
1
1
1
1
1
1
1
1
1
1
1
1
1
1
1
1
1
1
1
1
1
1
1
1
1
1
1
1
1
1
1
1
1
1
1
1
1
1
1
1
1
1
1
1
1
1
1
1
1
1
1
1
1
1
1
1
1
1
1
1
1
1
1
1
1
1
1
1
1
1
1
1
1
1
1
1
1
1
1
1
1
1
1
1
1
1
1
1
1
1
1
1
1
1
1
1
1
1
1
1
1
1
1
1
1
1
1
1
1
1
1
1
1
1
1
1
1
1
1
1
1
1
1
1
1
1
1
1
1
1
1
1
1
1
1
1
1
1
1
1
1
1
1
1
1
1
1
1
1
1
1
1
1
1
1
1
1
1
1
1
1
1
1
1
1
1
1
1
1
1
1
1
1
1
1
1
1
1
1
1
1
1
1
1
1
1
1
1
1
1
1
1
1
1
1
1
1
1
1
1
1
1
1
1
1
1
1
1
1
1
1
1
1
1
1
1
1
1
1
1
1
1
1
1
1
1
1
1
1
1
1
1
1
1
1
1
1
1
1
1
1
1
1
1
1
1
1
1
1
1
1
1
1
1
1
1
1
1
1
1
1
1
1
1
1
1
1
1
1
1
1
1
1
1
1
1
1
1
1
1
1
1
1
1
1
1
1
1
1
1
1
1
1
1
1
1
1
1
1
1
1
1
1
1
1
1
1
1
1
1
1
1
1
1
1
1
1
1
1
1
1
1
1
1
1
1
1
1
1
1
1
1
1
1
1
1
1
1
1
1
1
1
1
1
1
1
1
1
1
1
1
1
1
1
1
1
1
1
1
1
1
1
1
1
1
1
1
1
1
1
1
1
1
1
1
1
1
1
1
1
1
1
1
1
1
1
1
1
1
1
1
1
1
1
1
1
1
1
1
1
1
1
1
1
1
1
1
1
1
1
1
1
1
1
1
1
1
1
1
1
1
1
1
1
1
1
1
1
1
1
1
1
1
1
1
1
1
1
1
1
1
1
1
1
1
1
1
1
1
1
1
1
1
1
1
1
1
1
1
1
1
1
1
1
1
1
1
1
1
1
1
1
1
1
1
1
1
1
1
1
1
1
1
1
1
1
1
1
1
1
1
1
1
1
1
1
1
1
1
1
1
1
1
1
1
1
1
1
1
1
1
1
1
1
1
1
1
1
1
1
1
1
1
1
1
1
1
1
1
1
1
1
1
1
1
1
1
1
1
1
1
1
1
1
1
1
1
1
1
1
1
1
1
1
1
1
1
1
1
1
1
1
1
1
1
1
1
1
1
1
1
1
1
1
1
1
1
1
1
1
1
1
1
1
1
1
1
1
1
1
1
1
1
1
1
1
1
1
1
1
1
1
1
1
1
1
1
1
1
1
1
1
1
1
1
1
1
1
1
1
1
1
1
1
1
1
1
1
1
1
1
1
1
1
1
1
1
1
1
1
1
1
1
1
1
1
1
1
1
1
1
1
1
1
1
1
1
1
1
1
1
1
1
1
1
1
1
1
1
1
1
1
1
1
1
1
1
1
1
1
1
1
1
1
1
1
1
1
1
1
1
1
1
1
1
1
1
1
1
1
1
1
1
1
1
1
1
1
1
1
1
1
1
1
1
1
1
1
1
1
1
1
1
1
1
1
1
1
1
1
1
1
1
1
1
1
1
1
1
1
1
1
1
1
1
1
1
1
1
1
1
1
1
1
1
1
1
1
1
1
1
1
1
1
1
1
1
1
1
1
1
1
1
1
1
1
1
1
1
1
1
1
1
1
1
1
1
1
1
1
1
1
1
1
1
1
1
1
1
1
1
1
1
1
1
1
1
1
1
1
1
1
1
1
1
1
1
1
1
1
1
1
1
1
1
1
1
1
1
1
1
1
1
1
1
1
1
1
1
1
1
1
1
1
1
1
1
1
1
1
1
1
1
1
1
1
1
1
1
1
1
1
1
1
1
1
1
1
1
1
1
1
1
1
1
1
1
1
1
1
1
1
1
1
1
1
1
1
1
1
1
1
1
1
1
1
1
1
1
1
1
1
1
1
1
1
1
1
1
1
1
1
1
1
1
1
1
1
1
1
1
1
1
1
1
1
1
1
1
1
1
1
1
1
1
1
1
1
1
1
1
1
1
1
1
1
1
1
1
1
1
1
1
1
1
1
1
1
1
1
1
1
1
1
1
1
1
1
1
1
1
1
1
1
1
1
1
1
1
1
1
1
1
1
1
1
1
1
1
1
1
1
1
1
1
1
1
1
1
1
1
1
1
1
1
1
1
1
1
1
1
1
1
1
1
1
1
1
1
1
1
1
1
1
1
1
1
1
1
1
1
1
1
1
1
1
1
1
1
1
1
1
1
1
1
1
1
1
1
1
1
1
1
1
1
1
1
1
1
1
1
1
1
1
1
1
1
1
1
1
1
1
1
1
1
1
1
1
1
1
1
1
1
1
1
1
1
1
1
1
1
1
1
1
1
1
1
1
1
1
1
1
1
1
1
1
1
1
1
1
1
1
1
1
1
1
1
1
1
1
1
1
1
1
1
1
1
1
1
1
1
1
1
1
1
1
1
1
1
1
1
1
1
1
1
1
1
1
1
1
1
1
1
1
1
1
1
1
1
1
1
1
1
1
1
1
1
1
1
1
1
1
1
1
1
1
1
1
1
1
1
1
1
1
1
1
1
1
1
1
1
1
1
1
1
1
1
1
1
1
1
1
1
1
1
1
1
1
1
1
1
1
1
1
1
1
1
1
1
1
1
1
1
1
1
1
1
1
1
1
1
1
1
1
1
1
1
1
1
1
1
1
1
1
1
1
1
1
1
1
1
1
1
1
1
1
1
1
1
1
1
1
1
1
1
1
1
1
1
1
1
1
1
1
1
1
1
1
1
1
1
1
1
1
1
1
1
1
1
1
1
1
1
1
1
1
1
1
1
1
1
1
1
1
1
1
1
1
1
1
1
1
1
1
1
1
1
1
1
1
1
1
1
1
1
1
1
1
1
1
1
1
1
1
1
1
1
1
1
1
1
1
1
1
1
1
1
1
1
1
1
1
1
1
1
1
1
1
1
1
1
1
1
1
1
1
1
1
1
1
1
1
1
1
1
1
1
1
1
1
1
1
1
1
1
1
1
1
1
1
1
1
1
1
1
1
1
1
1
1
1
1
1
1
1
1
1
1
1
1
1
1
1
1
1
1
1
1
1
1
1
1
1
1
1
1
1
1
1
1
1
1
1
1
1
1
1
1
1
1
1
1
1
1
1
1
1
1
1
1
1
1
1
1
1
1
1
1
1
1
1
1
1
1
1
1
1
1
1
1
1
1
1
1
1
1
1
1
1
1
1
1
1
1
1
1
1
1
1
1
1
1
1
1
1
1
1
1
1
1
1
1
1
1
1
1
1
1
1
1
1
1
1
1
1
1
1
1
1
1
1
1
1
1
1
1
1
1
1
1
1
1
1
1
1
1
1
1
1
1
1
1
1
1
1
1
2
1
1
3
1
1
4
1
1
5
1
1
6
1
1
7
1
1
8
1
1
9
1
1
10
1
1
11
1
1
12
1
1
13
1
1
14
1
1
15
1
1
16
1
1
17
1
1
18
1
1
19
1
1
20
1
1
21
1
1
22
1
1
23
1
1
24
1
1
25
1
1
26
1
1
27
1
1
28
1
1
29
1
1
30
1
1
31
1
1
32
1
1
33
1
1
34
1
1
35
1
1
36
1
1
37
1
1
38
1
1
39
1
1
40
1
1
41
1
1
42
1
1
43
1
1
44
1
1
45
1
1
46
1
1
47
1
1
48
1
1
49
1
1
50
1
1
51
1
1
52
1
1
53
1
1
54
1
1
55
1
1
56
1
1
57
1
1
58
1
1
59
1
1
60
1
1
61
1
1
62
1
1
63
1
1
64
1
1
65
1
1
66
1
1
67
1
1
68
1
1
69
1
1
70
1
1
71
1
1
72
1
1
73
1
1
74
1
1
75
1
1
76
1
1
77
1
1
78
1
1
79
1
1
80
1
1
81
1
1
82
1
1
83
1
1
84
1
1
85
1
1
86
1
1
87
1
1
88
1
1
89
1
1
90
1
1
91
1
1
92
1
1
93
1
1
94
1
1
95
1
1
96
1
1
97
1
1
98
1
1
99
1
1
100
1
1
101
1
1
102
1
1
103
1
1
104
1
1
105
1
1
106
1
1
107
1
1
108
1
1
109
1
1
110
1
1
111
1
1
112
1
1
113
1
1
114
1
1
115
1
1
116
1
1
117
1
1
118
1
1
119
1
1
120
1
1
121
1
1
122
1
1
123
1
1
124
1
1
125
1
1
126
1
1
127
1
1
128
1
1
129
1
1
130
1
1
131
1
1
132
1
1
133
1
1
134
1
1
135
1
1
136
1
1
137
1
1
138
1
1
139
1
1
140
1
1
141
1
1
142
1
1
143
1
1
144
1
1
145
1
1
146
1
1
147
1
1
148
1
1
149
1
1
150
1
1
151
1
1
152
1
1
153
1
1
154
1
1
155
1
1
156
1
1
157
1
1
158
1
1
159
1
1
160
1
1
161
1
1
162
1
1
163
1
1
164
1
1
165
1
1
166
1
1
167
1
1
168
1
1
169
1
1
170
1
1
171
1
1
172
1
1
173
1
1
174
1
1
175
1
1
176
1
1
177
1
1
178
1
1
179
1
1
180
1
1
181
1
1
182
1
1
183
1
1
184
1
1
185
1
1
186
1
1
187
1
1
188
1
1
189
1
1
190
1
1
191
1
1
192
1
1
193
1
1
194
1
1
195
1
1
196
1
1
197
1
1
198
1
1
199
1
1
200
1
1
201
1
1
202
1
1
203
1
1
204
1
1
205
1
1
206
1
1
207
1
1
208
1
1
209
1
1
210
1
1
211
1
1
212
1
1
213
1
1
214
1
1
215
1
1
216
1
2
217
1
3
218
1
4
219
1
5
220
1
6
221
1
7
222
1
8
223
1
9
224
1
10
225
1
11
226
1
12
227
1
13
228
1
14
229
1
15
230
1
16
231
1
17
232
1
18
233
1
19
234
1
20
235
1
21
236
1
22
237
1
23
238
1
24
239
1
25
240
1
26
241
1
27
242
1
28
243
1
29
244
1
30
245
1
31
246
1
32
247
1
33
248
1
34
249
1
35
250
1
36
251
1
37
252
1
38
253
1
39
254
1
40
255
1
41
256
1
42
257
1
43
258
1
44
259
1
45
260
1
46
261
1
47
262
1
48
263
1
49
264
1
50
265
1
51
266
1
52
267
1
53
268
1
54
269
1
55
270
1
56
271
1
57
272
1
58
273
1
59
274
1
60
275
1
61
276
1
62
277
1
63
278
1
64
279
1
65
280
1
66
281
1
67
282
1
68
283
1
69
284
1
70
285
1
71
286
1
72
287
1
73
288
1
74
289
1
75
290
1
76
291
1
77
292
1
78
293
1
79
294
1
80
295
1
81
296
1
82
297
1
83
298
1
84
299
1
85
300
1
86
301
1
87
302
1
88
303
1
89
304
1
90
305
1
91
306
1
92
307
1
93
308
1
94
309
1
95
310
1
96
311
1
97
312
1
98
313
1
99
314
1
100
315
1
101
316
1
102
317
1
103
318
1
104
319
1
105
320
1
106
321
1
107
322
1
108
323
1
109
324
1
110
325
1
111
326
1
112
327
1
113
328
1
114
329
1
115
330
1
116
331
1
117
332
1
118
333
1
119
334
1
120
335
1
121
336
1
122
337
1
123
338
1
124
339
1
125
340
1
126
341
1
127
342
1
128
343
1
129
344
1
130
345
1
131
346
1
132
347
1
133
348
1
134
349
1
135
350
1
136
351
1
137
352
1
138
353
1
139
354
1
140
355
1
141
356
1
142
357
1
143
358
1
144
359
1
145
360
1
146
361
1
147
362
1
148
363
1
149
364
1
150
365
1
151
366
1
152
367
1
153
368
1
154
369
1
155
370
1
156
371
1
157
372
1
158
373
1
159
374
1
160
375
1
161
376
1
162
377
1
163
378
1
164
379
1
165
380
1
166
381
1
167
382
1
168
383
1
169
384
1
170
385
1
171
386
1
172
387
1
173
388
1
174
389
1
175
390
1
176
391
1
177
392
1
178
393
1
179
394
1
180
395
1
181
396
1
182
397
1
183
398
1
184
399
1
185
400
1
186
401
1
187
402
1
188
403
1
189
404
1
190
405
1
191
406
1
192
407
1
193
408
1
194
409
1
195
410
1
196
411
1
197
412
1
198
413
1
199
414
1
200
415
1
201
416
1
202
417
1
203
418
1
204
419
1
205
420
1
206
421
1
207
422
1
208
423
1
209
424
1
210
425
1
211
426
1
212
427
1
213
428
1
214
429
1
215
430
1
216
431
1
217
432
1
218
433
1
219
434
1
220
435
1
221
436
1
222
437
1
223
438
1
224
439
1
225
440
1
226
441
1
227
442
1
228
443
1
229
444
1
230
445
1
231
446
1
232
447
1
233
448
1
234
449
1
235
450
1
236
451
1
237
452
1
238
453
1
239
454
1
240
455
1
241
456
1
242
457
1
243
458
1
244
459
1
245
460
1
246
461
1
247
462
1
248
463
1
249
464
1
250
465
1
251
466
1
252
467
1
253
468
1
254
469
1
255
470
1
256
471
1
257
472
1
258
473
1
259
474
1
260
475
1
261
476
1
262
477
1
263
478
1
264
479
1
265
480
1
266
481
1
267
482
1
268
483
1
269
484
1
270
485
1
271
486
1
272
487
1
273
488
1
274
489
1
275
490
1
276
491
1
277
492
1
278
493
1
279
494
1
280
495
1
281
496
1
282
497
1
283
498
1
284
499
1
285
500
1
286
501
1
287
502
1
288
503
1
289
504
1
290
505
1
291
506
1
292
507
1
293
508
1
294
509
1
295
510
1
296
511
1
297
512
1
298
513
1
299
514
1
300
515
1
301
516
1
302
517
1
303
518
1
304
519
1
305
520
1
306
521
1
307
522
1
308
523
1
309
524
1
310
525
1
311
526
1
312
527
1
313
528
1
314
529
1
315
530
1
316
531
1
317
532
1
318
533
1
319
534
1
320
535
1
321
536
1
322
537
1
323
538
1
324
539
1
325
540
1
326
541
1
327
542
1
328
543
1
329
544
1
330
545
1
331
546
1
332
547
1
333
548
1
334
549
1
335
550
1
336
551
1
337
552
1
338
553
1
339
554
1
340
555
1
341
556
1
342
557
1
343
558
1
344
559
1
345
560
1
346
561
1
347
562
1
348
563
1
349
564
1
350
565
1
351
566
1
352
567
1
353
568
1
354
569
1
355
570
1
356
571
1
357
572
1
358
573
1
359
574
1
360
575
1
361
576
1
362
577
1
363
578
1
364
579
1
365
580
1
366
581
1
367
582
1
368
583
1
369
584
1
370
585
1
371
586
1
372
587
1
373
588
1
374
589
1
375
590
1
376
591
1
377
592
1
378
593
1
379
594
1
380
595
1
381
596
1
382
597
1
383
598
1
384
599
1
385
600
1
386
601
1
387
602
1
388
603
1
389
604
1
390
605
1
391
606
1
392
607
1
393
608
1
394
609
1
395
610
1
396
611
1
397
612
1
398
613
1
399
614
1
400
615
1
401
616
1
402
617
1
403
618
1
404
619
1
405
620
1
406
621
1
407
622
1
408
623
1
409
624
1
410
625
1
411
626
1
412
627
1
413
628
1
414
629
1
415
630
1
416
631
1
417
632
1
418
633
1
419
634
1
420
635
1
421
636
1
422
637
1
423
638
1
424
639
1
425
640
1
426
641
1
427
642
1
428
643
1
429
644
1
430
645
1
431
646
1
432
647
1
433
648
1
434
649
1
435
650
1
436
651
1
437
652
1
438
653
1
439
654
1
440
655
1
441
656
1
442
657
1
443
658
1
444
659
1
445
660
1
446
661
1
447
662
1
448
663
1
449
664
1
450
665
1
451
666
1
452
667
1
453
668
1
454
669
1
455
670
1
456
671
1
457
672
1
458
673
1
459
674
1
460
675
1
461
676
1
462
677
1
463
678
1
464
679
1
465
680
1
466
681
1
467
682
1
468
683
1
469
684
1
470
685
1
471
686
1
472
687
1
473
688
1
474
689
1
475
690
1
476
691
1
477
692
1
478
693
1
479
694
1
480
695
1
481
696
1
482
697
1
483
698
1
484
699
1
485
700
1
486
701
1
487
702
1
488
703
1
489
704
1
490
705
1
491
706
1
492
707
1
493
708
1
494
709
1
495
710
1
496
711
1
497
712
1
498
713
1
499
714
1
500
715
1
501
716
1
502
717
1
503
718
1
504
719
1
505
720
1
506
721
1
507
722
1
508
723
1
509
724
1
510
725
1
511
726
1
512
727
1
513
728
1
514
729
1
515
730
1
516
731
1
517
732
1
518
733
1
519
734
1
520
735
1
521
736
1
522
737
1
523
738
1
524
739
1
525
740
1
526
741
1
527
742
1
528
743
1
529
744
1
530
745
1
531
746
1
532
747
1
533
748
1
534
749
1
535
750
1
536
751
1
537
752
1
538
753
1
539
754
1
540
755
1
541
756
1
542
757
1
543
758
1
544
759
2
545
760
3
546
761
4
547
762
5
548
763
6
549
764
7
550
765
8
551
766
9
552
767
10
553
768
11
554
769
12
555
770
13
556
771
14
557
772
15
558
773
16
559
774
17
560
775
18
561
776
19
562
777
20
563
778
21
564
779
22
565
780
23
566
781
24
567
782
25
568
783
26
569
784
27
570
785
28
571
786
29
572
787
30
573
788
31
574
789
32
575
790
33
576
791
34
577
792
35
578
793
36
579
794
37
580
795
38
581
796
39
582
797
40
583
798
41
584
799
42
585
800
43
586
801
44
587
802
45
588
803
46
589
804
47
590
805
48
591
806
49
592
807
50
593
808
51
594
809
52
595
810
53
596
811
54
597
812
55
598
813
56
599
814
57
600
815
58
601
816
59
602
817
60
603
818
61
604
819
62
605
820
63
606
821
64
607
822
65
608
823
66
609
824
67
610
825
68
611
826
69
612
827
70
613
828
71
614
829
72
615
830
73
616
831
74
617
832
75
618
833
76
619
834
77
620
835
78
621
836
79
622
837
80
623
838
81
624
839
82
625
840
83
626
841
84
627
842
85
628
843
86
629
844
87
630
845
88
631
846
89
632
847
90
633
848
91
634
849
92
635
850
93
636
851
94
637
852
95
638
853
96
639
854
97
640
855
98
641
856
99
642
857
100
643
858
101
644
859
102
645
860
103
646
861
104
647
862
105
648
863
106
649
864
107
650
865
108
651
866
109
652
867
110
653
868
111
654
869
112
655
870
113
656
871
114
657
872
115
658
873
116
659
874
117
660
875
118
661
876
119
662
877
120
663
878
121
664
879
122
665
880
123
666
881
124
667
882
125
668
883
126
669
884
127
670
885
128
671
886
129
672
887
130
673
888
131
674
889
132
675
890
133
676
891
134
677
892
135
678
893
136
679
894
137
680
895
138
681
896
139
682
897
140
683
898
141
684
899
142
685
900
143
686
901
144
687
902
145
688
903
146
689
904
147
690
905
148
691
906
149
692
907
150
693
908
151
694
909
152
695
910
153
696
911
154
697
912
155
698
913
156
699
914
157
700
915
158
701
916
159
702
917
160
703
918
161
704
919
162
705
920
163
706
921
164
707
922
165
708
923
166
709
924
167
710
925
168
711
926
169
712
927
170
713
928
171
714
929
172
715
930
173
716
931
174
717
932
175
718
933
176
719
934
177
720
935
178
721
936
179
722
937
180
723
938
181
724
939
182
725
940
183
726
941
184
727
942
185
728
943
186
729
944
187
730
945
188
731
946
189
732
947
190
733
948
191
734
949
192
735
950
193
736
951
194
737
952
195
738
953
196
739
954
197
740
955
198
741
956
199
742
957
200
743
958
201
744
959
202
745
960
203
746
961
204
747
962
205
748
963
206
749
964
207
750
965
208
751
966
209
752
967
210
753
968
211
754
969
212
755
970
213
756
971
214
757
972
215
758
973
216
759
974
217
760
975
218
761
976
219
762
977
220
763
978
221
764
979
222
765
980
223
766
981
224
767
982
225
768
983
226
769
984
227
770
985
228
771
986
229
772
987
230
773
988
231
774
989
232
775
990
233
776
991
234
777
992
235
778
993
236
779
994
237
780
995
238
781
996
239
782
997
240
783
998
241
784
999
242
785
1000
243
786
1001
244
787
1002
245
788
1003
246
789
1004
247
790
1005
248
791
1006
249
792
1007
250
793
1008
251
794
1009
252
795
1010
253
796
1011
254
797
1012
255
798
1013
256
799
1014
257
800
1015
258
801
1016
259
802
1017
260
803
1018
261
804
1019
262
805
1020
263
806
1021
264
807
1022
265
808
1023
266
809
1024
267
810
1025
268
811
1026
269
812
1027
270
813
1028
271
814
1029
272
815
1030
273
816
1031
274
817
1032
275
818
1033
276
819
1034
277
820
1035
278
821
1036
279
822
1037
280
823
1038
281
824
1039
282
825
1040
283
826
1041
284
827
1042
285
828
1043
286
829
1044
287
830
1045
288
831
1046
289
832
1047
290
833
1048
291
834
1049
292
835
1050
293
836
1051
294
837
1052
295
838
1053
296
839
1054
297
840
1055
298
841
1056
299
842
1057
300
843
1058
301
844
1059
302
845
1060
303
846
1061
304
847
1062
305
848
1063
306
849
1064
307
850
1065
308
851
1066
309
852
1067
310
853
1068
311
854
1069
312
855
1070
313
856
1071
314
857
1072
315
858
1073
316
859
1074
317
860
1075
318
861
1076
319
862
1077
320
863
1078
321
864
1079
322
865
1080
323
866
1081
324
867
1082
325
868
1083
326
869
1084
327
870
1085
328
871
1086
329
872
1087
330
873
1088
331
874
1089
332
875
1090
333
876
1091
334
877
1092
335
878
1093
336
879
1094
337
880
1095
338
881
1096
339
882
1097
340
883
1098
341
884
1099
342
885
1100
343
886
1101
344
887
1102
345
888
1103
346
889
1104
347
890
1105
348
891
1106
349
892
1107
350
893
1108
351
894
1109
352
895
1110
353
896
1111
354
897
1112
355
898
1113
356
899
1114
357
900
1115
358
901
1116
359
902
1117
360
903
1118
361
904
1119
362
905
1120
363
906
1121
364
907
1122
365
908
1123
366
909
1124
367
910
1125
368
911
1126
369
912
1127
370
913
1128
371
914
1129
372
915
1130
373
916
1131
374
917
1132
375
918
1133
376
919
1134
377
920
1135
378
921
1136
379
922
1137
380
923
1138
381
924
1139
382
925
1140
383
926
1141
384
927
1142
385
928
1143
386
929
1144
387
930
1145
388
931
1146
389
932
1147
390
933
1148
391
934
1149
392
935
1150
393
936
1151
394
937
1152
395
938
1153
396
939
1154
397
940
1155
398
941
1156
399
942
1157
400
943
1158
401
944
1159
402
945
1160
403
946
1161
404
947
1162
405
948
1163
406
949
1164
407
950
1165
408
951
1166
409
952
1167
410
953
1168
411
954
1169
412
955
1170
413
956
1171
414
957
1172
415
958
1173
416
959
1174
417
960
1175
418
961
1176
419
962
1177
420
963
1178
421
964
1179
422
965
1180
423
966
1181
424
967
1182
425
968
1183
426
969
1184
427
970
1185
428
971
1186
429
972
1187
430
973
1188
431
974
1189
432
975
1190
433
976
1191
434
977
1192
435
978
1193
436
979
1194
437
980
1195
438
981
1196
439
982
1197
440
983
1198
441
984
1199
442
985
1200
443
986
1201
444
987
1202
445
988
1203
446
989
1204
447
990
1205
448
991
1206
449
992
1207
450
993
1208
451
994
1209
452
995
1210
453
996
1211
454
997
1212
455
998
1213
456
999
1214
457
1000
1215
458
1001
1216
459
1002
1217
460
1003
1218
461
1004
1219
462
1005
1220
463
1006
1221
464
1007
1222
465
1008
1223
466
1009
1224
467
1010
1225
468
1011
1226
469
1012
1227
470
1013
1228
471
1014
1229
472
1015
1230
473
1016
1231
474
1017
1232
475
1018
1233
476
1019
1234
477
1020
1235
478
1021
1236
479
1022
1237
480
1023
1238
481
1024
1239
482
1025
1240
483
1026
1241
484
1027
1242
485
1028
1243
486
1029
1244
487
1030
1245
488
1031
1246
489
1032
1247
490
1033
1248
491
1034
1249
492
1035
1250
493
1036
1251
494
1037
1252
495
1038
1253
496
1039
1254
497
1040
1255
498
1041
1256
499
1042
1257
500
1043
1258
501
1044
1259
502
1045
1260
503
1046
1261
504
1047
1262
505
1048
1263
506
1049
1264
507
1050
1265
508
1051
1266
509
1052
1267
510
1053
1268
511
1054
1269
512
1055
1270
513
1056
1271
514
1057
1272
515
1058
1273
516
1059
1274
517
1060
1275
518
1061
1276
519
1062
1277
520
1063
1278
521
1064
1279
522
1065
1280
523
1066
1281
524
1067
1282
525
1068
1283
526
1069
1284
527
1070
1285
528
1071
1286
529
1072
1287
530
1073
1288
531
1074
1289
532
1075
1290
533
1076
1291
534
1077
1292
535
1078
1293
536
1079
1294
537
1080
1295
538
1081
1296
539
1082
1297
540
1083
1298
541
1084
1299
542
1085
1300
543
1086
1301
544
1087
1302
545
1088
1303
546
1089
1304
547
1090
1305
548
1091
1306
549
1092
1307
550
1093
1308
551
1094
1309
552
1095
1310
553
1096
1311
554
1097
1312
555
1098
1313
556
1099
1314
557
1100
1315
558
1101
1316
559
1102
1317
560
1103
1318
561
1104
1319
562
1105
1320
563
1106
1321
564
1107
1322
565
1108
1323
566
1109
1324
567
1110
1325
568
1111
1326
569
1112
1327
570
1113
1328
571
1114
1329
572
1115
1330
573
1116
1331
574
1117
1332
575
1118
1333
576
1119
1334
577
1120
1335
578
1121
1336
579
1122
1337
580
1123
1338
581
1124
1339
582
1125
1340
583
1126
1341
584
1127
1342
585
1128
1343
586
1129
1344
587
1130
1345
588
1131
1346
589
1132
1347
590
1133
1348
591
1134
1349
592
1135
1350
593
1136
1351
594
1137
1352
595
1138
1353
596
1139
1354
597
1140
1355
598
1141
1356
599
1142
1357
600
1143
1358
601
1144
1359
602
1145
1360
603
1146
1361
604
1147
1362
605
1148
1363
606
1149
1364
607
1150
1365
608
1151
1366
609
1152
1367
610
1153
1368
611
1154
1369
612
1155
1370
613
1156
1371
614
1157
1372
615
1158
1373
616
1159
1374
617
1160
1375
618
1161
1376
619
1162
1377
620
1163
1378
621
1164
1379
622
1165
1380
623
1166
1381
624
1167
1382
625
1168
1383
626
1169
1384
627
1170
1385
628
1171
1386
629
1172
1387
630
1173
1388
631
1174
1389
632
1175
1390
633
1176
1391
634
1177
1392
635
1178
1393
636
1179
1394
637
1180
1395
638
1181
1396
639
1182
1397
640
1183
1398
641
1184
1399
642
1185
1400
643
1186
1401
644
1187
1402
645
1188
1403
646
1189
1404
647
1190
1405
648
1191
1406
649
1192
1407
650
1193
1408
651
1194
1409
652
1195
1410
653
1196
1411
654
1197
1412
655
1198
1413
656
1199
1414
657
1200
1415
658
1201
1416
659
1202
1417
660
1203
1418
661
1204
1419
662
1205
1420
663
1206
1421
664
1207
1422
665
1208
1423
666
1209
1424
667
1210
1425
668
1211
1426
669
1212
1427
670
1213
1428
671
1214
1429
672
1215
1430
673
1216
1431
674
1217
1432
675
1218
1433
676
1219
1434
677
1220
1435
678
1221
1436
679
1222
1437
680
1223
1438
681
1224
1439
682
1225
1440
683
1226
1441
684
1227
1442
685
1228
1443
686
1229
1444
687
1230
1445
688
1231
1446
689
1232
1447
690
1233
1448
691
1234
1449
692
1235
1450
693
1236
1451
694
1237
1452
695
1238
1453
696
1239
1454
697
1240
1455
698
1241
1456
699
1242
1457
700
1243
1458
701
1244
