1
1
1
1000001
2000000
2000000
1000000
1
1
1
1
1000001
2000000
2000000
1000000
1
1
1
1000001
2000000
2000000
1000000
1
1
1000001
2000000
2000000
1000000
1
1
1000001
2000000
1000000
1
1
1000001
1
1
1
1
1
1
1
1
1
1
1
1
1000001
2000000
2000000
1000000
1
1
1
1
1000001
2000000
2000000
1000000
1
1
1
1000001
2000000
2000000
1000000
1
1
2000000
2000000
2000000
1000000
1
1
2000000
2000000
1000000
1
1
2000000
1000000
1
1
1
1
1
1
1
1
1000000
1
1
1000001
2000000
2000000
1000000
1
1
1000000
1
1000001
2000000
2000000
1000000
1
1
1000000
2000000
2000000
2000000
1000000
1
1
2000000
2000000
2000000
1000000
1
1
2000000
2000000
1000000
1
1
2000000
1000000
1
1
1000000
1
1
1000000
1
1000000
1
1
1
1000001
2000000
2000000
1000000
1
1
1
1
1000001
2000000
2000000
1000000
1
1
1
1000001
2000000
2000000
1000000
1
1
1000001
2000000
2000000
1000000
1
1
1000001
2000000
1000000
1
1
1000001
1
1
1
1
1
1
1
1
1
1
1
1
1000001
2000000
2000000
1000000
1
1
1
1
1000001
2000000
2000000
1000000
1
1
1
1000001
2000000
2000000
1000000
1
1
1000002
2000000
2000000
1000000
1
1
1000002
2000000
1000000
1
1
1000002
2
1
1
1
1
1
1
1
1
1
1
1
1000001
2000000
2000000
1000000
1
1
1
1
1000001
2000000
2000000
1000000
1
1
1
1000001
2000000
2000000
1000000
1
1
1000003
2000000
2000000
1000000
1
1
1000003
2000000
1000000
1
1
1000003
3
1
1
1
1
1
1
1
1
1
1
1
1000001
2000000
2000000
1000000
1
1
1
1
1000001
2000000
2000000
1000000
1
1
1
1000001
2000000
2000000
1000000
1
1
1000004
2000000
2000000
1000000
1
1
1000004
2000000
1000000
1
1
1000004
4
1
1
1
1
1
1
1
1
1
1
1
1000001
2000000
2000000
1000000
1
1
1
1
1000001
2000000
2000000
1000000
1
1
1
1000001
2000000
2000000
1000000
1
1
1000005
2000000
2000000
1000000
1
1
1000005
2000000
1000000
1
1
1000005
5
1
1
1
1
1
1
1
1
