99
158888888888888840
158888888888888841
158888888888888842
158888888888888843
158888888888888844
158888888888888845
158888888888888846
158888888888888847
158888888888888848
158888888888888849
158888888888888850
158888888888888851
158888888888888852
158888888888888853
158888888888888854
158888888888888855
158888888888888856
158888888888888857
158888888888888858
158888888888888859
158888888888888860
158888888888888861
158888888888888862
158888888888888863
158888888888888864
158888888888888865
158888888888888866
158888888888888867
158888888888888868
158888888888888869
158888888888888870
158888888888888871
158888888888888872
158888888888888873
158888888888888874
158888888888888875
158888888888888876
158888888888888877
158888888888888878
158888888888888879
158888888888888880
158888888888888881
158888888888888882
158888888888888883
158888888888888884
158888888888888885
158888888888888886
158888888888888887
158888888888888888
158888888888888889
158888888888888890
158888888888888891
158888888888888892
158888888888888893
158888888888888894
158888888888888895
158888888888888896
158888888888888897
158888888888888898
158888888888888899
158888888888888900
158888888888888901
158888888888888902
158888888888888903
158888888888888904
158888888888888905
158888888888888906
158888888888888907
158888888888888908
158888888888888909
158888888888888910
158888888888888911
158888888888888912
158888888888888913
158888888888888914
158888888888888915
158888888888888916
158888888888888917
158888888888888918
158888888888888919
158888888888888920
158888888888888921
158888888888888922
158888888888888923
158888888888888924
158888888888888925
158888888888888926
158888888888888927
158888888888888928
158888888888888929
158888888888888930
158888888888888931
158888888888888932
158888888888888933
158888888888888934
158888888888888935
158888888888888936
158888888888888937
158888888888888938
